-497,-159,d58lLE1fEzVBp9GSwGUjVho3vYk=,7JNRTrM8MUi6vQyxC+3kT5D6/eg=
-512,-160,d58lLE1fEzVBp9GSwGUjVho3vYk=,7JNRTrM8MUi6vQyxC+3kT5D6/eg=
-512,-158,d58lLE1fEzVBp9GSwGUjVho3vYk=,7JNRTrM8MUi6vQyxC+3kT5D6/eg=
-511,-158,d58lLE1fEzVBp9GSwGUjVho3vYk=,7JNRTrM8MUi6vQyxC+3kT5D6/eg=
-510,-158,d58lLE1fEzVBp9GSwGUjVho3vYk=,7JNRTrM8MUi6vQyxC+3kT5D6/eg=
-508,-158,d58lLE1fEzVBp9GSwGUjVho3vYk=,7JNRTrM8MUi6vQyxC+3kT5D6/eg=
-507,-158,d58lLE1fEzVBp9GSwGUjVho3vYk=,7JNRTrM8MUi6vQyxC+3kT5D6/eg=
-506,-158,d58lLE1fEzVBp9GSwGUjVho3vYk=,7JNRTrM8MUi6vQyxC+3kT5D6/eg=
-509,-158,d58lLE1fEzVBp9GSwGUjVho3vYk=,7JNRTrM8MUi6vQyxC+3kT5D6/eg=
-505,-158,d58lLE1fEzVBp9GSwGUjVho3vYk=,7JNRTrM8MUi6vQyxC+3kT5D6/eg=
-504,-158,d58lLE1fEzVBp9GSwGUjVho3vYk=,7JNRTrM8MUi6vQyxC+3kT5D6/eg=
-502,-158,d58lLE1fEzVBp9GSwGUjVho3vYk=,7JNRTrM8MUi6vQyxC+3kT5D6/eg=
-501,-158,d58lLE1fEzVBp9GSwGUjVho3vYk=,7JNRTrM8MUi6vQyxC+3kT5D6/eg=
-503,-158,d58lLE1fEzVBp9GSwGUjVho3vYk=,7JNRTrM8MUi6vQyxC+3kT5D6/eg=
-500,-158,d58lLE1fEzVBp9GSwGUjVho3vYk=,7JNRTrM8MUi6vQyxC+3kT5D6/eg=
-499,-158,d58lLE1fEzVBp9GSwGUjVho3vYk=,7JNRTrM8MUi6vQyxC+3kT5D6/eg=
-512,-159,d58lLE1fEzVBp9GSwGUjVho3vYk=,7JNRTrM8MUi6vQyxC+3kT5D6/eg=
-498,-158,d58lLE1fEzVBp9GSwGUjVho3vYk=,7JNRTrM8MUi6vQyxC+3kT5D6/eg=
-497,-158,d58lLE1fEzVBp9GSwGUjVho3vYk=,7JNRTrM8MUi6vQyxC+3kT5D6/eg=
-512,-157,d58lLE1fEzVBp9GSwGUjVho3vYk=,7JNRTrM8MUi6vQyxC+3kT5D6/eg=
-511,-157,d58lLE1fEzVBp9GSwGUjVho3vYk=,7JNRTrM8MUi6vQyxC+3kT5D6/eg=
-510,-157,d58lLE1fEzVBp9GSwGUjVho3vYk=,7JNRTrM8MUi6vQyxC+3kT5D6/eg=
-509,-157,d58lLE1fEzVBp9GSwGUjVho3vYk=,7JNRTrM8MUi6vQyxC+3kT5D6/eg=
-507,-157,d58lLE1fEzVBp9GSwGUjVho3vYk=,7JNRTrM8MUi6vQyxC+3kT5D6/eg=
-508,-157,d58lLE1fEzVBp9GSwGUjVho3vYk=,7JNRTrM8MUi6vQyxC+3kT5D6/eg=
-506,-157,d58lLE1fEzVBp9GSwGUjVho3vYk=,7JNRTrM8MUi6vQyxC+3kT5D6/eg=
-505,-157,d58lLE1fEzVBp9GSwGUjVho3vYk=,7JNRTrM8MUi6vQyxC+3kT5D6/eg=
-504,-157,d58lLE1fEzVBp9GSwGUjVho3vYk=,7JNRTrM8MUi6vQyxC+3kT5D6/eg=
-503,-157,d58lLE1fEzVBp9GSwGUjVho3vYk=,7JNRTrM8MUi6vQyxC+3kT5D6/eg=
-502,-157,d58lLE1fEzVBp9GSwGUjVho3vYk=,7JNRTrM8MUi6vQyxC+3kT5D6/eg=
-501,-157,d58lLE1fEzVBp9GSwGUjVho3vYk=,7JNRTrM8MUi6vQyxC+3kT5D6/eg=
-511,-159,d58lLE1fEzVBp9GSwGUjVho3vYk=,7JNRTrM8MUi6vQyxC+3kT5D6/eg=
-500,-157,d58lLE1fEzVBp9GSwGUjVho3vYk=,7JNRTrM8MUi6vQyxC+3kT5D6/eg=
-499,-157,d58lLE1fEzVBp9GSwGUjVho3vYk=,7JNRTrM8MUi6vQyxC+3kT5D6/eg=
-497,-157,d58lLE1fEzVBp9GSwGUjVho3vYk=,7JNRTrM8MUi6vQyxC+3kT5D6/eg=
-512,-156,d58lLE1fEzVBp9GSwGUjVho3vYk=,7JNRTrM8MUi6vQyxC+3kT5D6/eg=
-511,-156,d58lLE1fEzVBp9GSwGUjVho3vYk=,7JNRTrM8MUi6vQyxC+3kT5D6/eg=
-510,-156,d58lLE1fEzVBp9GSwGUjVho3vYk=,7JNRTrM8MUi6vQyxC+3kT5D6/eg=
-498,-157,d58lLE1fEzVBp9GSwGUjVho3vYk=,7JNRTrM8MUi6vQyxC+3kT5D6/eg=
-509,-156,d58lLE1fEzVBp9GSwGUjVho3vYk=,7JNRTrM8MUi6vQyxC+3kT5D6/eg=
-508,-156,d58lLE1fEzVBp9GSwGUjVho3vYk=,7JNRTrM8MUi6vQyxC+3kT5D6/eg=
-507,-156,d58lLE1fEzVBp9GSwGUjVho3vYk=,7JNRTrM8MUi6vQyxC+3kT5D6/eg=
-506,-156,d58lLE1fEzVBp9GSwGUjVho3vYk=,7JNRTrM8MUi6vQyxC+3kT5D6/eg=
-505,-156,d58lLE1fEzVBp9GSwGUjVho3vYk=,7JNRTrM8MUi6vQyxC+3kT5D6/eg=
-503,-156,d58lLE1fEzVBp9GSwGUjVho3vYk=,7JNRTrM8MUi6vQyxC+3kT5D6/eg=
-504,-156,d58lLE1fEzVBp9GSwGUjVho3vYk=,7JNRTrM8MUi6vQyxC+3kT5D6/eg=
-501,-156,d58lLE1fEzVBp9GSwGUjVho3vYk=,7JNRTrM8MUi6vQyxC+3kT5D6/eg=
-510,-159,d58lLE1fEzVBp9GSwGUjVho3vYk=,7JNRTrM8MUi6vQyxC+3kT5D6/eg=
-502,-156,d58lLE1fEzVBp9GSwGUjVho3vYk=,7JNRTrM8MUi6vQyxC+3kT5D6/eg=
-499,-156,d58lLE1fEzVBp9GSwGUjVho3vYk=,7JNRTrM8MUi6vQyxC+3kT5D6/eg=
-500,-156,d58lLE1fEzVBp9GSwGUjVho3vYk=,7JNRTrM8MUi6vQyxC+3kT5D6/eg=
-498,-156,d58lLE1fEzVBp9GSwGUjVho3vYk=,7JNRTrM8MUi6vQyxC+3kT5D6/eg=
-497,-156,d58lLE1fEzVBp9GSwGUjVho3vYk=,7JNRTrM8MUi6vQyxC+3kT5D6/eg=
-512,-155,d58lLE1fEzVBp9GSwGUjVho3vYk=,7JNRTrM8MUi6vQyxC+3kT5D6/eg=
-511,-155,d58lLE1fEzVBp9GSwGUjVho3vYk=,7JNRTrM8MUi6vQyxC+3kT5D6/eg=
-510,-155,d58lLE1fEzVBp9GSwGUjVho3vYk=,7JNRTrM8MUi6vQyxC+3kT5D6/eg=
-508,-155,d58lLE1fEzVBp9GSwGUjVho3vYk=,7JNRTrM8MUi6vQyxC+3kT5D6/eg=
-509,-155,d58lLE1fEzVBp9GSwGUjVho3vYk=,7JNRTrM8MUi6vQyxC+3kT5D6/eg=
-507,-155,d58lLE1fEzVBp9GSwGUjVho3vYk=,7JNRTrM8MUi6vQyxC+3kT5D6/eg=
-505,-155,d58lLE1fEzVBp9GSwGUjVho3vYk=,7JNRTrM8MUi6vQyxC+3kT5D6/eg=
-506,-155,d58lLE1fEzVBp9GSwGUjVho3vYk=,7JNRTrM8MUi6vQyxC+3kT5D6/eg=
-504,-155,d58lLE1fEzVBp9GSwGUjVho3vYk=,7JNRTrM8MUi6vQyxC+3kT5D6/eg=
-503,-155,d58lLE1fEzVBp9GSwGUjVho3vYk=,7JNRTrM8MUi6vQyxC+3kT5D6/eg=
-502,-155,d58lLE1fEzVBp9GSwGUjVho3vYk=,7JNRTrM8MUi6vQyxC+3kT5D6/eg=
-509,-159,d58lLE1fEzVBp9GSwGUjVho3vYk=,7JNRTrM8MUi6vQyxC+3kT5D6/eg=
-501,-155,d58lLE1fEzVBp9GSwGUjVho3vYk=,7JNRTrM8MUi6vQyxC+3kT5D6/eg=
-500,-155,d58lLE1fEzVBp9GSwGUjVho3vYk=,7JNRTrM8MUi6vQyxC+3kT5D6/eg=
-499,-155,d58lLE1fEzVBp9GSwGUjVho3vYk=,7JNRTrM8MUi6vQyxC+3kT5D6/eg=
-498,-155,d58lLE1fEzVBp9GSwGUjVho3vYk=,7JNRTrM8MUi6vQyxC+3kT5D6/eg=
-497,-155,d58lLE1fEzVBp9GSwGUjVho3vYk=,7JNRTrM8MUi6vQyxC+3kT5D6/eg=
-512,-154,d58lLE1fEzVBp9GSwGUjVho3vYk=,7JNRTrM8MUi6vQyxC+3kT5D6/eg=
-510,-154,d58lLE1fEzVBp9GSwGUjVho3vYk=,7JNRTrM8MUi6vQyxC+3kT5D6/eg=
-511,-154,d58lLE1fEzVBp9GSwGUjVho3vYk=,7JNRTrM8MUi6vQyxC+3kT5D6/eg=
-509,-154,d58lLE1fEzVBp9GSwGUjVho3vYk=,7JNRTrM8MUi6vQyxC+3kT5D6/eg=
-508,-154,d58lLE1fEzVBp9GSwGUjVho3vYk=,7JNRTrM8MUi6vQyxC+3kT5D6/eg=
-507,-154,d58lLE1fEzVBp9GSwGUjVho3vYk=,7JNRTrM8MUi6vQyxC+3kT5D6/eg=
-505,-154,d58lLE1fEzVBp9GSwGUjVho3vYk=,7JNRTrM8MUi6vQyxC+3kT5D6/eg=
-506,-154,d58lLE1fEzVBp9GSwGUjVho3vYk=,7JNRTrM8MUi6vQyxC+3kT5D6/eg=
-504,-154,d58lLE1fEzVBp9GSwGUjVho3vYk=,7JNRTrM8MUi6vQyxC+3kT5D6/eg=
-503,-154,d58lLE1fEzVBp9GSwGUjVho3vYk=,7JNRTrM8MUi6vQyxC+3kT5D6/eg=
-508,-159,d58lLE1fEzVBp9GSwGUjVho3vYk=,7JNRTrM8MUi6vQyxC+3kT5D6/eg=
-502,-154,d58lLE1fEzVBp9GSwGUjVho3vYk=,7JNRTrM8MUi6vQyxC+3kT5D6/eg=
-501,-154,d58lLE1fEzVBp9GSwGUjVho3vYk=,7JNRTrM8MUi6vQyxC+3kT5D6/eg=
-499,-154,d58lLE1fEzVBp9GSwGUjVho3vYk=,7JNRTrM8MUi6vQyxC+3kT5D6/eg=
-498,-154,d58lLE1fEzVBp9GSwGUjVho3vYk=,7JNRTrM8MUi6vQyxC+3kT5D6/eg=
-497,-154,d58lLE1fEzVBp9GSwGUjVho3vYk=,7JNRTrM8MUi6vQyxC+3kT5D6/eg=
-500,-154,d58lLE1fEzVBp9GSwGUjVho3vYk=,7JNRTrM8MUi6vQyxC+3kT5D6/eg=
-512,-153,d58lLE1fEzVBp9GSwGUjVho3vYk=,7JNRTrM8MUi6vQyxC+3kT5D6/eg=
-511,-153,d58lLE1fEzVBp9GSwGUjVho3vYk=,7JNRTrM8MUi6vQyxC+3kT5D6/eg=
-497,-160,d58lLE1fEzVBp9GSwGUjVho3vYk=,7JNRTrM8MUi6vQyxC+3kT5D6/eg=
-510,-153,d58lLE1fEzVBp9GSwGUjVho3vYk=,7JNRTrM8MUi6vQyxC+3kT5D6/eg=
-509,-153,d58lLE1fEzVBp9GSwGUjVho3vYk=,7JNRTrM8MUi6vQyxC+3kT5D6/eg=
-497,-145,d58lLE1fEzVBp9GSwGUjVho3vYk=,7JNRTrM8MUi6vQyxC+3kT5D6/eg=
-498,-159,d58lLE1fEzVBp9GSwGUjVho3vYk=,7JNRTrM8MUi6vQyxC+3kT5D6/eg=
-508,-153,d58lLE1fEzVBp9GSwGUjVho3vYk=,7JNRTrM8MUi6vQyxC+3kT5D6/eg=
-498,-145,d58lLE1fEzVBp9GSwGUjVho3vYk=,7JNRTrM8MUi6vQyxC+3kT5D6/eg=
-507,-153,d58lLE1fEzVBp9GSwGUjVho3vYk=,7JNRTrM8MUi6vQyxC+3kT5D6/eg=
-499,-145,d58lLE1fEzVBp9GSwGUjVho3vYk=,7JNRTrM8MUi6vQyxC+3kT5D6/eg=
-506,-153,d58lLE1fEzVBp9GSwGUjVho3vYk=,7JNRTrM8MUi6vQyxC+3kT5D6/eg=
-501,-145,d58lLE1fEzVBp9GSwGUjVho3vYk=,7JNRTrM8MUi6vQyxC+3kT5D6/eg=
-500,-145,d58lLE1fEzVBp9GSwGUjVho3vYk=,7JNRTrM8MUi6vQyxC+3kT5D6/eg=
-505,-153,d58lLE1fEzVBp9GSwGUjVho3vYk=,7JNRTrM8MUi6vQyxC+3kT5D6/eg=
-502,-145,d58lLE1fEzVBp9GSwGUjVho3vYk=,7JNRTrM8MUi6vQyxC+3kT5D6/eg=
-503,-145,d58lLE1fEzVBp9GSwGUjVho3vYk=,7JNRTrM8MUi6vQyxC+3kT5D6/eg=
-504,-153,d58lLE1fEzVBp9GSwGUjVho3vYk=,7JNRTrM8MUi6vQyxC+3kT5D6/eg=
-504,-145,d58lLE1fEzVBp9GSwGUjVho3vYk=,7JNRTrM8MUi6vQyxC+3kT5D6/eg=
-505,-145,d58lLE1fEzVBp9GSwGUjVho3vYk=,7JNRTrM8MUi6vQyxC+3kT5D6/eg=
-507,-159,d58lLE1fEzVBp9GSwGUjVho3vYk=,7JNRTrM8MUi6vQyxC+3kT5D6/eg=
-506,-145,d58lLE1fEzVBp9GSwGUjVho3vYk=,7JNRTrM8MUi6vQyxC+3kT5D6/eg=
-503,-153,d58lLE1fEzVBp9GSwGUjVho3vYk=,7JNRTrM8MUi6vQyxC+3kT5D6/eg=
-508,-145,d58lLE1fEzVBp9GSwGUjVho3vYk=,7JNRTrM8MUi6vQyxC+3kT5D6/eg=
-507,-145,d58lLE1fEzVBp9GSwGUjVho3vYk=,7JNRTrM8MUi6vQyxC+3kT5D6/eg=
-502,-153,d58lLE1fEzVBp9GSwGUjVho3vYk=,7JNRTrM8MUi6vQyxC+3kT5D6/eg=
-509,-145,d58lLE1fEzVBp9GSwGUjVho3vYk=,7JNRTrM8MUi6vQyxC+3kT5D6/eg=
-501,-153,d58lLE1fEzVBp9GSwGUjVho3vYk=,7JNRTrM8MUi6vQyxC+3kT5D6/eg=
-510,-145,d58lLE1fEzVBp9GSwGUjVho3vYk=,7JNRTrM8MUi6vQyxC+3kT5D6/eg=
-498,-160,d58lLE1fEzVBp9GSwGUjVho3vYk=,7JNRTrM8MUi6vQyxC+3kT5D6/eg=
-511,-145,d58lLE1fEzVBp9GSwGUjVho3vYk=,7JNRTrM8MUi6vQyxC+3kT5D6/eg=
-499,-153,d58lLE1fEzVBp9GSwGUjVho3vYk=,7JNRTrM8MUi6vQyxC+3kT5D6/eg=
-500,-153,d58lLE1fEzVBp9GSwGUjVho3vYk=,7JNRTrM8MUi6vQyxC+3kT5D6/eg=
-498,-153,d58lLE1fEzVBp9GSwGUjVho3vYk=,7JNRTrM8MUi6vQyxC+3kT5D6/eg=
-497,-153,d58lLE1fEzVBp9GSwGUjVho3vYk=,7JNRTrM8MUi6vQyxC+3kT5D6/eg=
-501,-160,d58lLE1fEzVBp9GSwGUjVho3vYk=,7JNRTrM8MUi6vQyxC+3kT5D6/eg=
-499,-160,d58lLE1fEzVBp9GSwGUjVho3vYk=,7JNRTrM8MUi6vQyxC+3kT5D6/eg=
-500,-160,d58lLE1fEzVBp9GSwGUjVho3vYk=,7JNRTrM8MUi6vQyxC+3kT5D6/eg=
-512,-152,d58lLE1fEzVBp9GSwGUjVho3vYk=,7JNRTrM8MUi6vQyxC+3kT5D6/eg=
-502,-160,d58lLE1fEzVBp9GSwGUjVho3vYk=,7JNRTrM8MUi6vQyxC+3kT5D6/eg=
-511,-152,d58lLE1fEzVBp9GSwGUjVho3vYk=,7JNRTrM8MUi6vQyxC+3kT5D6/eg=
-503,-160,d58lLE1fEzVBp9GSwGUjVho3vYk=,7JNRTrM8MUi6vQyxC+3kT5D6/eg=
-510,-152,d58lLE1fEzVBp9GSwGUjVho3vYk=,7JNRTrM8MUi6vQyxC+3kT5D6/eg=
-505,-160,d58lLE1fEzVBp9GSwGUjVho3vYk=,7JNRTrM8MUi6vQyxC+3kT5D6/eg=
-509,-152,d58lLE1fEzVBp9GSwGUjVho3vYk=,7JNRTrM8MUi6vQyxC+3kT5D6/eg=
-506,-160,d58lLE1fEzVBp9GSwGUjVho3vYk=,7JNRTrM8MUi6vQyxC+3kT5D6/eg=
-508,-152,d58lLE1fEzVBp9GSwGUjVho3vYk=,7JNRTrM8MUi6vQyxC+3kT5D6/eg=
-507,-152,d58lLE1fEzVBp9GSwGUjVho3vYk=,7JNRTrM8MUi6vQyxC+3kT5D6/eg=
-504,-160,d58lLE1fEzVBp9GSwGUjVho3vYk=,7JNRTrM8MUi6vQyxC+3kT5D6/eg=
-508,-160,d58lLE1fEzVBp9GSwGUjVho3vYk=,7JNRTrM8MUi6vQyxC+3kT5D6/eg=
-507,-160,d58lLE1fEzVBp9GSwGUjVho3vYk=,7JNRTrM8MUi6vQyxC+3kT5D6/eg=
-509,-160,d58lLE1fEzVBp9GSwGUjVho3vYk=,7JNRTrM8MUi6vQyxC+3kT5D6/eg=
-506,-152,d58lLE1fEzVBp9GSwGUjVho3vYk=,7JNRTrM8MUi6vQyxC+3kT5D6/eg=
-499,-159,d58lLE1fEzVBp9GSwGUjVho3vYk=,7JNRTrM8MUi6vQyxC+3kT5D6/eg=
-510,-160,d58lLE1fEzVBp9GSwGUjVho3vYk=,7JNRTrM8MUi6vQyxC+3kT5D6/eg=
-511,-160,d58lLE1fEzVBp9GSwGUjVho3vYk=,7JNRTrM8MUi6vQyxC+3kT5D6/eg=
-512,-145,d58lLE1fEzVBp9GSwGUjVho3vYk=,7JNRTrM8MUi6vQyxC+3kT5D6/eg=
-505,-152,d58lLE1fEzVBp9GSwGUjVho3vYk=,7JNRTrM8MUi6vQyxC+3kT5D6/eg=
-497,-146,d58lLE1fEzVBp9GSwGUjVho3vYk=,7JNRTrM8MUi6vQyxC+3kT5D6/eg=
-499,-146,d58lLE1fEzVBp9GSwGUjVho3vYk=,7JNRTrM8MUi6vQyxC+3kT5D6/eg=
-506,-159,d58lLE1fEzVBp9GSwGUjVho3vYk=,7JNRTrM8MUi6vQyxC+3kT5D6/eg=
-498,-146,d58lLE1fEzVBp9GSwGUjVho3vYk=,7JNRTrM8MUi6vQyxC+3kT5D6/eg=
-504,-152,d58lLE1fEzVBp9GSwGUjVho3vYk=,7JNRTrM8MUi6vQyxC+3kT5D6/eg=
-502,-146,d58lLE1fEzVBp9GSwGUjVho3vYk=,7JNRTrM8MUi6vQyxC+3kT5D6/eg=
-501,-146,d58lLE1fEzVBp9GSwGUjVho3vYk=,7JNRTrM8MUi6vQyxC+3kT5D6/eg=
-503,-146,d58lLE1fEzVBp9GSwGUjVho3vYk=,7JNRTrM8MUi6vQyxC+3kT5D6/eg=
-503,-152,d58lLE1fEzVBp9GSwGUjVho3vYk=,7JNRTrM8MUi6vQyxC+3kT5D6/eg=
-504,-146,d58lLE1fEzVBp9GSwGUjVho3vYk=,7JNRTrM8MUi6vQyxC+3kT5D6/eg=
-505,-146,d58lLE1fEzVBp9GSwGUjVho3vYk=,7JNRTrM8MUi6vQyxC+3kT5D6/eg=
-502,-152,d58lLE1fEzVBp9GSwGUjVho3vYk=,7JNRTrM8MUi6vQyxC+3kT5D6/eg=
-500,-146,d58lLE1fEzVBp9GSwGUjVho3vYk=,7JNRTrM8MUi6vQyxC+3kT5D6/eg=
-507,-146,d58lLE1fEzVBp9GSwGUjVho3vYk=,7JNRTrM8MUi6vQyxC+3kT5D6/eg=
-506,-146,d58lLE1fEzVBp9GSwGUjVho3vYk=,7JNRTrM8MUi6vQyxC+3kT5D6/eg=
-501,-152,d58lLE1fEzVBp9GSwGUjVho3vYk=,7JNRTrM8MUi6vQyxC+3kT5D6/eg=
-510,-146,d58lLE1fEzVBp9GSwGUjVho3vYk=,7JNRTrM8MUi6vQyxC+3kT5D6/eg=
-500,-159,d58lLE1fEzVBp9GSwGUjVho3vYk=,7JNRTrM8MUi6vQyxC+3kT5D6/eg=
-509,-146,d58lLE1fEzVBp9GSwGUjVho3vYk=,7JNRTrM8MUi6vQyxC+3kT5D6/eg=
-511,-146,d58lLE1fEzVBp9GSwGUjVho3vYk=,7JNRTrM8MUi6vQyxC+3kT5D6/eg=
-508,-146,d58lLE1fEzVBp9GSwGUjVho3vYk=,7JNRTrM8MUi6vQyxC+3kT5D6/eg=
-500,-152,d58lLE1fEzVBp9GSwGUjVho3vYk=,7JNRTrM8MUi6vQyxC+3kT5D6/eg=
-498,-147,d58lLE1fEzVBp9GSwGUjVho3vYk=,7JNRTrM8MUi6vQyxC+3kT5D6/eg=
-512,-146,d58lLE1fEzVBp9GSwGUjVho3vYk=,7JNRTrM8MUi6vQyxC+3kT5D6/eg=
-500,-147,d58lLE1fEzVBp9GSwGUjVho3vYk=,7JNRTrM8MUi6vQyxC+3kT5D6/eg=
-499,-147,d58lLE1fEzVBp9GSwGUjVho3vYk=,7JNRTrM8MUi6vQyxC+3kT5D6/eg=
-497,-147,d58lLE1fEzVBp9GSwGUjVho3vYk=,7JNRTrM8MUi6vQyxC+3kT5D6/eg=
-499,-152,d58lLE1fEzVBp9GSwGUjVho3vYk=,7JNRTrM8MUi6vQyxC+3kT5D6/eg=
-502,-147,d58lLE1fEzVBp9GSwGUjVho3vYk=,7JNRTrM8MUi6vQyxC+3kT5D6/eg=
-498,-152,d58lLE1fEzVBp9GSwGUjVho3vYk=,7JNRTrM8MUi6vQyxC+3kT5D6/eg=
-503,-147,d58lLE1fEzVBp9GSwGUjVho3vYk=,7JNRTrM8MUi6vQyxC+3kT5D6/eg=
-501,-147,d58lLE1fEzVBp9GSwGUjVho3vYk=,7JNRTrM8MUi6vQyxC+3kT5D6/eg=
-504,-147,d58lLE1fEzVBp9GSwGUjVho3vYk=,7JNRTrM8MUi6vQyxC+3kT5D6/eg=
-507,-147,d58lLE1fEzVBp9GSwGUjVho3vYk=,7JNRTrM8MUi6vQyxC+3kT5D6/eg=
-508,-147,d58lLE1fEzVBp9GSwGUjVho3vYk=,7JNRTrM8MUi6vQyxC+3kT5D6/eg=
-497,-152,d58lLE1fEzVBp9GSwGUjVho3vYk=,7JNRTrM8MUi6vQyxC+3kT5D6/eg=
-505,-147,d58lLE1fEzVBp9GSwGUjVho3vYk=,7JNRTrM8MUi6vQyxC+3kT5D6/eg=
-512,-151,d58lLE1fEzVBp9GSwGUjVho3vYk=,7JNRTrM8MUi6vQyxC+3kT5D6/eg=
-509,-147,d58lLE1fEzVBp9GSwGUjVho3vYk=,7JNRTrM8MUi6vQyxC+3kT5D6/eg=
-501,-159,d58lLE1fEzVBp9GSwGUjVho3vYk=,7JNRTrM8MUi6vQyxC+3kT5D6/eg=
-510,-147,d58lLE1fEzVBp9GSwGUjVho3vYk=,7JNRTrM8MUi6vQyxC+3kT5D6/eg=
-506,-147,d58lLE1fEzVBp9GSwGUjVho3vYk=,7JNRTrM8MUi6vQyxC+3kT5D6/eg=
-511,-147,d58lLE1fEzVBp9GSwGUjVho3vYk=,7JNRTrM8MUi6vQyxC+3kT5D6/eg=
-512,-147,d58lLE1fEzVBp9GSwGUjVho3vYk=,7JNRTrM8MUi6vQyxC+3kT5D6/eg=
-498,-148,d58lLE1fEzVBp9GSwGUjVho3vYk=,7JNRTrM8MUi6vQyxC+3kT5D6/eg=
-499,-148,d58lLE1fEzVBp9GSwGUjVho3vYk=,7JNRTrM8MUi6vQyxC+3kT5D6/eg=
-511,-151,d58lLE1fEzVBp9GSwGUjVho3vYk=,7JNRTrM8MUi6vQyxC+3kT5D6/eg=
-500,-148,d58lLE1fEzVBp9GSwGUjVho3vYk=,7JNRTrM8MUi6vQyxC+3kT5D6/eg=
-501,-148,d58lLE1fEzVBp9GSwGUjVho3vYk=,7JNRTrM8MUi6vQyxC+3kT5D6/eg=
-503,-148,d58lLE1fEzVBp9GSwGUjVho3vYk=,7JNRTrM8MUi6vQyxC+3kT5D6/eg=
-504,-148,d58lLE1fEzVBp9GSwGUjVho3vYk=,7JNRTrM8MUi6vQyxC+3kT5D6/eg=
-497,-148,d58lLE1fEzVBp9GSwGUjVho3vYk=,7JNRTrM8MUi6vQyxC+3kT5D6/eg=
-510,-151,d58lLE1fEzVBp9GSwGUjVho3vYk=,7JNRTrM8MUi6vQyxC+3kT5D6/eg=
-505,-148,d58lLE1fEzVBp9GSwGUjVho3vYk=,7JNRTrM8MUi6vQyxC+3kT5D6/eg=
-507,-148,d58lLE1fEzVBp9GSwGUjVho3vYk=,7JNRTrM8MUi6vQyxC+3kT5D6/eg=
-506,-148,d58lLE1fEzVBp9GSwGUjVho3vYk=,7JNRTrM8MUi6vQyxC+3kT5D6/eg=
-502,-159,d58lLE1fEzVBp9GSwGUjVho3vYk=,7JNRTrM8MUi6vQyxC+3kT5D6/eg=
-509,-151,d58lLE1fEzVBp9GSwGUjVho3vYk=,7JNRTrM8MUi6vQyxC+3kT5D6/eg=
-509,-148,d58lLE1fEzVBp9GSwGUjVho3vYk=,7JNRTrM8MUi6vQyxC+3kT5D6/eg=
-512,-148,d58lLE1fEzVBp9GSwGUjVho3vYk=,7JNRTrM8MUi6vQyxC+3kT5D6/eg=
-511,-148,d58lLE1fEzVBp9GSwGUjVho3vYk=,7JNRTrM8MUi6vQyxC+3kT5D6/eg=
-510,-148,d58lLE1fEzVBp9GSwGUjVho3vYk=,7JNRTrM8MUi6vQyxC+3kT5D6/eg=
-499,-149,d58lLE1fEzVBp9GSwGUjVho3vYk=,7JNRTrM8MUi6vQyxC+3kT5D6/eg=
-497,-149,d58lLE1fEzVBp9GSwGUjVho3vYk=,7JNRTrM8MUi6vQyxC+3kT5D6/eg=
-508,-148,d58lLE1fEzVBp9GSwGUjVho3vYk=,7JNRTrM8MUi6vQyxC+3kT5D6/eg=
-498,-149,d58lLE1fEzVBp9GSwGUjVho3vYk=,7JNRTrM8MUi6vQyxC+3kT5D6/eg=
-501,-149,d58lLE1fEzVBp9GSwGUjVho3vYk=,7JNRTrM8MUi6vQyxC+3kT5D6/eg=
-508,-151,d58lLE1fEzVBp9GSwGUjVho3vYk=,7JNRTrM8MUi6vQyxC+3kT5D6/eg=
-500,-149,d58lLE1fEzVBp9GSwGUjVho3vYk=,7JNRTrM8MUi6vQyxC+3kT5D6/eg=
-502,-148,d58lLE1fEzVBp9GSwGUjVho3vYk=,7JNRTrM8MUi6vQyxC+3kT5D6/eg=
-502,-149,d58lLE1fEzVBp9GSwGUjVho3vYk=,7JNRTrM8MUi6vQyxC+3kT5D6/eg=
-507,-149,d58lLE1fEzVBp9GSwGUjVho3vYk=,7JNRTrM8MUi6vQyxC+3kT5D6/eg=
-503,-159,d58lLE1fEzVBp9GSwGUjVho3vYk=,7JNRTrM8MUi6vQyxC+3kT5D6/eg=
-507,-151,d58lLE1fEzVBp9GSwGUjVho3vYk=,7JNRTrM8MUi6vQyxC+3kT5D6/eg=
-505,-149,d58lLE1fEzVBp9GSwGUjVho3vYk=,7JNRTrM8MUi6vQyxC+3kT5D6/eg=
-504,-149,d58lLE1fEzVBp9GSwGUjVho3vYk=,7JNRTrM8MUi6vQyxC+3kT5D6/eg=
-512,-149,d58lLE1fEzVBp9GSwGUjVho3vYk=,7JNRTrM8MUi6vQyxC+3kT5D6/eg=
-509,-149,d58lLE1fEzVBp9GSwGUjVho3vYk=,7JNRTrM8MUi6vQyxC+3kT5D6/eg=
-510,-149,d58lLE1fEzVBp9GSwGUjVho3vYk=,7JNRTrM8MUi6vQyxC+3kT5D6/eg=
-503,-149,d58lLE1fEzVBp9GSwGUjVho3vYk=,7JNRTrM8MUi6vQyxC+3kT5D6/eg=
-511,-149,d58lLE1fEzVBp9GSwGUjVho3vYk=,7JNRTrM8MUi6vQyxC+3kT5D6/eg=
-497,-150,d58lLE1fEzVBp9GSwGUjVho3vYk=,7JNRTrM8MUi6vQyxC+3kT5D6/eg=
-498,-150,d58lLE1fEzVBp9GSwGUjVho3vYk=,7JNRTrM8MUi6vQyxC+3kT5D6/eg=
-506,-149,d58lLE1fEzVBp9GSwGUjVho3vYk=,7JNRTrM8MUi6vQyxC+3kT5D6/eg=
-500,-150,d58lLE1fEzVBp9GSwGUjVho3vYk=,7JNRTrM8MUi6vQyxC+3kT5D6/eg=
-508,-149,d58lLE1fEzVBp9GSwGUjVho3vYk=,7JNRTrM8MUi6vQyxC+3kT5D6/eg=
-499,-150,d58lLE1fEzVBp9GSwGUjVho3vYk=,7JNRTrM8MUi6vQyxC+3kT5D6/eg=
-501,-150,d58lLE1fEzVBp9GSwGUjVho3vYk=,7JNRTrM8MUi6vQyxC+3kT5D6/eg=
-502,-150,d58lLE1fEzVBp9GSwGUjVho3vYk=,7JNRTrM8MUi6vQyxC+3kT5D6/eg=
-503,-150,d58lLE1fEzVBp9GSwGUjVho3vYk=,7JNRTrM8MUi6vQyxC+3kT5D6/eg=
-505,-150,d58lLE1fEzVBp9GSwGUjVho3vYk=,7JNRTrM8MUi6vQyxC+3kT5D6/eg=
-506,-150,d58lLE1fEzVBp9GSwGUjVho3vYk=,7JNRTrM8MUi6vQyxC+3kT5D6/eg=
-507,-150,d58lLE1fEzVBp9GSwGUjVho3vYk=,7JNRTrM8MUi6vQyxC+3kT5D6/eg=
-504,-159,d58lLE1fEzVBp9GSwGUjVho3vYk=,7JNRTrM8MUi6vQyxC+3kT5D6/eg=
-506,-151,d58lLE1fEzVBp9GSwGUjVho3vYk=,7JNRTrM8MUi6vQyxC+3kT5D6/eg=
-509,-150,d58lLE1fEzVBp9GSwGUjVho3vYk=,7JNRTrM8MUi6vQyxC+3kT5D6/eg=
-508,-150,d58lLE1fEzVBp9GSwGUjVho3vYk=,7JNRTrM8MUi6vQyxC+3kT5D6/eg=
-504,-150,d58lLE1fEzVBp9GSwGUjVho3vYk=,7JNRTrM8MUi6vQyxC+3kT5D6/eg=
-512,-150,d58lLE1fEzVBp9GSwGUjVho3vYk=,7JNRTrM8MUi6vQyxC+3kT5D6/eg=
-511,-150,d58lLE1fEzVBp9GSwGUjVho3vYk=,7JNRTrM8MUi6vQyxC+3kT5D6/eg=
-497,-151,d58lLE1fEzVBp9GSwGUjVho3vYk=,7JNRTrM8MUi6vQyxC+3kT5D6/eg=
-510,-150,d58lLE1fEzVBp9GSwGUjVho3vYk=,7JNRTrM8MUi6vQyxC+3kT5D6/eg=
-498,-151,d58lLE1fEzVBp9GSwGUjVho3vYk=,7JNRTrM8MUi6vQyxC+3kT5D6/eg=
-505,-159,d58lLE1fEzVBp9GSwGUjVho3vYk=,7JNRTrM8MUi6vQyxC+3kT5D6/eg=
-499,-151,d58lLE1fEzVBp9GSwGUjVho3vYk=,7JNRTrM8MUi6vQyxC+3kT5D6/eg=
-500,-151,d58lLE1fEzVBp9GSwGUjVho3vYk=,7JNRTrM8MUi6vQyxC+3kT5D6/eg=
-501,-151,d58lLE1fEzVBp9GSwGUjVho3vYk=,7JNRTrM8MUi6vQyxC+3kT5D6/eg=
-505,-151,d58lLE1fEzVBp9GSwGUjVho3vYk=,7JNRTrM8MUi6vQyxC+3kT5D6/eg=
-502,-151,d58lLE1fEzVBp9GSwGUjVho3vYk=,7JNRTrM8MUi6vQyxC+3kT5D6/eg=
-504,-151,d58lLE1fEzVBp9GSwGUjVho3vYk=,7JNRTrM8MUi6vQyxC+3kT5D6/eg=
-503,-151,d58lLE1fEzVBp9GSwGUjVho3vYk=,7JNRTrM8MUi6vQyxC+3kT5D6/eg=
-481,-145,d58lLE1fEzVBp9GSwGUjVho3vYk=,7JNRTrM8MUi6vQyxC+3kT5D6/eg=
-496,-159,d58lLE1fEzVBp9GSwGUjVho3vYk=,7JNRTrM8MUi6vQyxC+3kT5D6/eg=
-482,-145,d58lLE1fEzVBp9GSwGUjVho3vYk=,7JNRTrM8MUi6vQyxC+3kT5D6/eg=
-496,-160,d58lLE1fEzVBp9GSwGUjVho3vYk=,7JNRTrM8MUi6vQyxC+3kT5D6/eg=
-483,-145,d58lLE1fEzVBp9GSwGUjVho3vYk=,7JNRTrM8MUi6vQyxC+3kT5D6/eg=
-484,-145,d58lLE1fEzVBp9GSwGUjVho3vYk=,7JNRTrM8MUi6vQyxC+3kT5D6/eg=
-495,-159,d58lLE1fEzVBp9GSwGUjVho3vYk=,7JNRTrM8MUi6vQyxC+3kT5D6/eg=
-485,-145,d58lLE1fEzVBp9GSwGUjVho3vYk=,7JNRTrM8MUi6vQyxC+3kT5D6/eg=
-494,-159,d58lLE1fEzVBp9GSwGUjVho3vYk=,7JNRTrM8MUi6vQyxC+3kT5D6/eg=
-486,-145,d58lLE1fEzVBp9GSwGUjVho3vYk=,7JNRTrM8MUi6vQyxC+3kT5D6/eg=
-488,-145,d58lLE1fEzVBp9GSwGUjVho3vYk=,7JNRTrM8MUi6vQyxC+3kT5D6/eg=
-487,-145,d58lLE1fEzVBp9GSwGUjVho3vYk=,7JNRTrM8MUi6vQyxC+3kT5D6/eg=
-493,-159,d58lLE1fEzVBp9GSwGUjVho3vYk=,7JNRTrM8MUi6vQyxC+3kT5D6/eg=
-492,-159,d58lLE1fEzVBp9GSwGUjVho3vYk=,7JNRTrM8MUi6vQyxC+3kT5D6/eg=
-489,-145,d58lLE1fEzVBp9GSwGUjVho3vYk=,7JNRTrM8MUi6vQyxC+3kT5D6/eg=
-490,-145,d58lLE1fEzVBp9GSwGUjVho3vYk=,7JNRTrM8MUi6vQyxC+3kT5D6/eg=
-491,-159,d58lLE1fEzVBp9GSwGUjVho3vYk=,7JNRTrM8MUi6vQyxC+3kT5D6/eg=
-491,-145,d58lLE1fEzVBp9GSwGUjVho3vYk=,7JNRTrM8MUi6vQyxC+3kT5D6/eg=
-493,-145,d58lLE1fEzVBp9GSwGUjVho3vYk=,7JNRTrM8MUi6vQyxC+3kT5D6/eg=
-492,-145,d58lLE1fEzVBp9GSwGUjVho3vYk=,7JNRTrM8MUi6vQyxC+3kT5D6/eg=
-490,-159,d58lLE1fEzVBp9GSwGUjVho3vYk=,7JNRTrM8MUi6vQyxC+3kT5D6/eg=
-496,-145,d58lLE1fEzVBp9GSwGUjVho3vYk=,7JNRTrM8MUi6vQyxC+3kT5D6/eg=
-481,-146,d58lLE1fEzVBp9GSwGUjVho3vYk=,7JNRTrM8MUi6vQyxC+3kT5D6/eg=
-482,-146,d58lLE1fEzVBp9GSwGUjVho3vYk=,7JNRTrM8MUi6vQyxC+3kT5D6/eg=
-489,-159,d58lLE1fEzVBp9GSwGUjVho3vYk=,7JNRTrM8MUi6vQyxC+3kT5D6/eg=
-495,-145,d58lLE1fEzVBp9GSwGUjVho3vYk=,7JNRTrM8MUi6vQyxC+3kT5D6/eg=
-494,-145,d58lLE1fEzVBp9GSwGUjVho3vYk=,7JNRTrM8MUi6vQyxC+3kT5D6/eg=
-488,-159,d58lLE1fEzVBp9GSwGUjVho3vYk=,7JNRTrM8MUi6vQyxC+3kT5D6/eg=
-483,-146,d58lLE1fEzVBp9GSwGUjVho3vYk=,7JNRTrM8MUi6vQyxC+3kT5D6/eg=
-484,-146,d58lLE1fEzVBp9GSwGUjVho3vYk=,7JNRTrM8MUi6vQyxC+3kT5D6/eg=
-486,-146,d58lLE1fEzVBp9GSwGUjVho3vYk=,7JNRTrM8MUi6vQyxC+3kT5D6/eg=
-485,-146,d58lLE1fEzVBp9GSwGUjVho3vYk=,7JNRTrM8MUi6vQyxC+3kT5D6/eg=
-487,-159,d58lLE1fEzVBp9GSwGUjVho3vYk=,7JNRTrM8MUi6vQyxC+3kT5D6/eg=
-488,-146,d58lLE1fEzVBp9GSwGUjVho3vYk=,7JNRTrM8MUi6vQyxC+3kT5D6/eg=
-489,-146,d58lLE1fEzVBp9GSwGUjVho3vYk=,7JNRTrM8MUi6vQyxC+3kT5D6/eg=
-491,-146,d58lLE1fEzVBp9GSwGUjVho3vYk=,7JNRTrM8MUi6vQyxC+3kT5D6/eg=
-487,-146,d58lLE1fEzVBp9GSwGUjVho3vYk=,7JNRTrM8MUi6vQyxC+3kT5D6/eg=
-490,-146,d58lLE1fEzVBp9GSwGUjVho3vYk=,7JNRTrM8MUi6vQyxC+3kT5D6/eg=
-486,-159,d58lLE1fEzVBp9GSwGUjVho3vYk=,7JNRTrM8MUi6vQyxC+3kT5D6/eg=
-492,-146,d58lLE1fEzVBp9GSwGUjVho3vYk=,7JNRTrM8MUi6vQyxC+3kT5D6/eg=
-485,-159,d58lLE1fEzVBp9GSwGUjVho3vYk=,7JNRTrM8MUi6vQyxC+3kT5D6/eg=
-495,-146,d58lLE1fEzVBp9GSwGUjVho3vYk=,7JNRTrM8MUi6vQyxC+3kT5D6/eg=
-493,-146,d58lLE1fEzVBp9GSwGUjVho3vYk=,7JNRTrM8MUi6vQyxC+3kT5D6/eg=
-482,-160,d58lLE1fEzVBp9GSwGUjVho3vYk=,7JNRTrM8MUi6vQyxC+3kT5D6/eg=
-496,-146,d58lLE1fEzVBp9GSwGUjVho3vYk=,7JNRTrM8MUi6vQyxC+3kT5D6/eg=
-482,-147,d58lLE1fEzVBp9GSwGUjVho3vYk=,7JNRTrM8MUi6vQyxC+3kT5D6/eg=
-484,-159,d58lLE1fEzVBp9GSwGUjVho3vYk=,7JNRTrM8MUi6vQyxC+3kT5D6/eg=
-483,-147,d58lLE1fEzVBp9GSwGUjVho3vYk=,7JNRTrM8MUi6vQyxC+3kT5D6/eg=
-481,-147,d58lLE1fEzVBp9GSwGUjVho3vYk=,7JNRTrM8MUi6vQyxC+3kT5D6/eg=
-484,-147,d58lLE1fEzVBp9GSwGUjVho3vYk=,7JNRTrM8MUi6vQyxC+3kT5D6/eg=
-483,-159,d58lLE1fEzVBp9GSwGUjVho3vYk=,7JNRTrM8MUi6vQyxC+3kT5D6/eg=
-485,-147,d58lLE1fEzVBp9GSwGUjVho3vYk=,7JNRTrM8MUi6vQyxC+3kT5D6/eg=
-486,-147,d58lLE1fEzVBp9GSwGUjVho3vYk=,7JNRTrM8MUi6vQyxC+3kT5D6/eg=
-487,-147,d58lLE1fEzVBp9GSwGUjVho3vYk=,7JNRTrM8MUi6vQyxC+3kT5D6/eg=
-488,-147,d58lLE1fEzVBp9GSwGUjVho3vYk=,7JNRTrM8MUi6vQyxC+3kT5D6/eg=
-494,-146,d58lLE1fEzVBp9GSwGUjVho3vYk=,7JNRTrM8MUi6vQyxC+3kT5D6/eg=
-495,-160,d58lLE1fEzVBp9GSwGUjVho3vYk=,7JNRTrM8MUi6vQyxC+3kT5D6/eg=
-490,-147,d58lLE1fEzVBp9GSwGUjVho3vYk=,7JNRTrM8MUi6vQyxC+3kT5D6/eg=
-489,-147,d58lLE1fEzVBp9GSwGUjVho3vYk=,7JNRTrM8MUi6vQyxC+3kT5D6/eg=
-491,-147,d58lLE1fEzVBp9GSwGUjVho3vYk=,7JNRTrM8MUi6vQyxC+3kT5D6/eg=
-492,-147,d58lLE1fEzVBp9GSwGUjVho3vYk=,7JNRTrM8MUi6vQyxC+3kT5D6/eg=
-493,-147,d58lLE1fEzVBp9GSwGUjVho3vYk=,7JNRTrM8MUi6vQyxC+3kT5D6/eg=
-495,-147,d58lLE1fEzVBp9GSwGUjVho3vYk=,7JNRTrM8MUi6vQyxC+3kT5D6/eg=
-481,-148,d58lLE1fEzVBp9GSwGUjVho3vYk=,7JNRTrM8MUi6vQyxC+3kT5D6/eg=
-482,-148,d58lLE1fEzVBp9GSwGUjVho3vYk=,7JNRTrM8MUi6vQyxC+3kT5D6/eg=
-483,-148,d58lLE1fEzVBp9GSwGUjVho3vYk=,7JNRTrM8MUi6vQyxC+3kT5D6/eg=
-484,-148,d58lLE1fEzVBp9GSwGUjVho3vYk=,7JNRTrM8MUi6vQyxC+3kT5D6/eg=
-494,-147,d58lLE1fEzVBp9GSwGUjVho3vYk=,7JNRTrM8MUi6vQyxC+3kT5D6/eg=
-485,-148,d58lLE1fEzVBp9GSwGUjVho3vYk=,7JNRTrM8MUi6vQyxC+3kT5D6/eg=
-487,-148,d58lLE1fEzVBp9GSwGUjVho3vYk=,7JNRTrM8MUi6vQyxC+3kT5D6/eg=
-488,-148,d58lLE1fEzVBp9GSwGUjVho3vYk=,7JNRTrM8MUi6vQyxC+3kT5D6/eg=
-489,-148,d58lLE1fEzVBp9GSwGUjVho3vYk=,7JNRTrM8MUi6vQyxC+3kT5D6/eg=
-486,-148,d58lLE1fEzVBp9GSwGUjVho3vYk=,7JNRTrM8MUi6vQyxC+3kT5D6/eg=
-496,-147,d58lLE1fEzVBp9GSwGUjVho3vYk=,7JNRTrM8MUi6vQyxC+3kT5D6/eg=
-490,-148,d58lLE1fEzVBp9GSwGUjVho3vYk=,7JNRTrM8MUi6vQyxC+3kT5D6/eg=
-493,-148,d58lLE1fEzVBp9GSwGUjVho3vYk=,7JNRTrM8MUi6vQyxC+3kT5D6/eg=
-496,-148,d58lLE1fEzVBp9GSwGUjVho3vYk=,7JNRTrM8MUi6vQyxC+3kT5D6/eg=
-495,-148,d58lLE1fEzVBp9GSwGUjVho3vYk=,7JNRTrM8MUi6vQyxC+3kT5D6/eg=
-484,-160,d58lLE1fEzVBp9GSwGUjVho3vYk=,7JNRTrM8MUi6vQyxC+3kT5D6/eg=
-494,-148,d58lLE1fEzVBp9GSwGUjVho3vYk=,7JNRTrM8MUi6vQyxC+3kT5D6/eg=
-492,-148,d58lLE1fEzVBp9GSwGUjVho3vYk=,7JNRTrM8MUi6vQyxC+3kT5D6/eg=
-491,-148,d58lLE1fEzVBp9GSwGUjVho3vYk=,7JNRTrM8MUi6vQyxC+3kT5D6/eg=
-481,-149,d58lLE1fEzVBp9GSwGUjVho3vYk=,7JNRTrM8MUi6vQyxC+3kT5D6/eg=
-482,-149,d58lLE1fEzVBp9GSwGUjVho3vYk=,7JNRTrM8MUi6vQyxC+3kT5D6/eg=
-483,-149,d58lLE1fEzVBp9GSwGUjVho3vYk=,7JNRTrM8MUi6vQyxC+3kT5D6/eg=
-486,-149,d58lLE1fEzVBp9GSwGUjVho3vYk=,7JNRTrM8MUi6vQyxC+3kT5D6/eg=
-485,-149,d58lLE1fEzVBp9GSwGUjVho3vYk=,7JNRTrM8MUi6vQyxC+3kT5D6/eg=
-487,-149,d58lLE1fEzVBp9GSwGUjVho3vYk=,7JNRTrM8MUi6vQyxC+3kT5D6/eg=
-484,-149,d58lLE1fEzVBp9GSwGUjVho3vYk=,7JNRTrM8MUi6vQyxC+3kT5D6/eg=
-489,-149,d58lLE1fEzVBp9GSwGUjVho3vYk=,7JNRTrM8MUi6vQyxC+3kT5D6/eg=
-488,-149,d58lLE1fEzVBp9GSwGUjVho3vYk=,7JNRTrM8MUi6vQyxC+3kT5D6/eg=
-490,-149,d58lLE1fEzVBp9GSwGUjVho3vYk=,7JNRTrM8MUi6vQyxC+3kT5D6/eg=
-491,-149,d58lLE1fEzVBp9GSwGUjVho3vYk=,7JNRTrM8MUi6vQyxC+3kT5D6/eg=
-492,-149,d58lLE1fEzVBp9GSwGUjVho3vYk=,7JNRTrM8MUi6vQyxC+3kT5D6/eg=
-493,-149,d58lLE1fEzVBp9GSwGUjVho3vYk=,7JNRTrM8MUi6vQyxC+3kT5D6/eg=
-495,-149,d58lLE1fEzVBp9GSwGUjVho3vYk=,7JNRTrM8MUi6vQyxC+3kT5D6/eg=
-494,-149,d58lLE1fEzVBp9GSwGUjVho3vYk=,7JNRTrM8MUi6vQyxC+3kT5D6/eg=
-496,-149,d58lLE1fEzVBp9GSwGUjVho3vYk=,7JNRTrM8MUi6vQyxC+3kT5D6/eg=
-485,-160,d58lLE1fEzVBp9GSwGUjVho3vYk=,7JNRTrM8MUi6vQyxC+3kT5D6/eg=
-481,-150,d58lLE1fEzVBp9GSwGUjVho3vYk=,7JNRTrM8MUi6vQyxC+3kT5D6/eg=
-483,-150,d58lLE1fEzVBp9GSwGUjVho3vYk=,7JNRTrM8MUi6vQyxC+3kT5D6/eg=
-484,-150,d58lLE1fEzVBp9GSwGUjVho3vYk=,7JNRTrM8MUi6vQyxC+3kT5D6/eg=
-482,-150,d58lLE1fEzVBp9GSwGUjVho3vYk=,7JNRTrM8MUi6vQyxC+3kT5D6/eg=
-485,-150,d58lLE1fEzVBp9GSwGUjVho3vYk=,7JNRTrM8MUi6vQyxC+3kT5D6/eg=
-487,-150,d58lLE1fEzVBp9GSwGUjVho3vYk=,7JNRTrM8MUi6vQyxC+3kT5D6/eg=
-488,-150,d58lLE1fEzVBp9GSwGUjVho3vYk=,7JNRTrM8MUi6vQyxC+3kT5D6/eg=
-486,-150,d58lLE1fEzVBp9GSwGUjVho3vYk=,7JNRTrM8MUi6vQyxC+3kT5D6/eg=
-489,-150,d58lLE1fEzVBp9GSwGUjVho3vYk=,7JNRTrM8MUi6vQyxC+3kT5D6/eg=
-491,-150,d58lLE1fEzVBp9GSwGUjVho3vYk=,7JNRTrM8MUi6vQyxC+3kT5D6/eg=
-490,-150,d58lLE1fEzVBp9GSwGUjVho3vYk=,7JNRTrM8MUi6vQyxC+3kT5D6/eg=
-492,-150,d58lLE1fEzVBp9GSwGUjVho3vYk=,7JNRTrM8MUi6vQyxC+3kT5D6/eg=
-493,-150,d58lLE1fEzVBp9GSwGUjVho3vYk=,7JNRTrM8MUi6vQyxC+3kT5D6/eg=
-494,-150,d58lLE1fEzVBp9GSwGUjVho3vYk=,7JNRTrM8MUi6vQyxC+3kT5D6/eg=
-496,-150,d58lLE1fEzVBp9GSwGUjVho3vYk=,7JNRTrM8MUi6vQyxC+3kT5D6/eg=
-486,-160,d58lLE1fEzVBp9GSwGUjVho3vYk=,7JNRTrM8MUi6vQyxC+3kT5D6/eg=
-481,-151,d58lLE1fEzVBp9GSwGUjVho3vYk=,7JNRTrM8MUi6vQyxC+3kT5D6/eg=
-495,-150,d58lLE1fEzVBp9GSwGUjVho3vYk=,7JNRTrM8MUi6vQyxC+3kT5D6/eg=
-482,-151,d58lLE1fEzVBp9GSwGUjVho3vYk=,7JNRTrM8MUi6vQyxC+3kT5D6/eg=
-483,-151,d58lLE1fEzVBp9GSwGUjVho3vYk=,7JNRTrM8MUi6vQyxC+3kT5D6/eg=
-486,-151,d58lLE1fEzVBp9GSwGUjVho3vYk=,7JNRTrM8MUi6vQyxC+3kT5D6/eg=
-484,-151,d58lLE1fEzVBp9GSwGUjVho3vYk=,7JNRTrM8MUi6vQyxC+3kT5D6/eg=
-485,-151,d58lLE1fEzVBp9GSwGUjVho3vYk=,7JNRTrM8MUi6vQyxC+3kT5D6/eg=
-487,-151,d58lLE1fEzVBp9GSwGUjVho3vYk=,7JNRTrM8MUi6vQyxC+3kT5D6/eg=
-489,-151,d58lLE1fEzVBp9GSwGUjVho3vYk=,7JNRTrM8MUi6vQyxC+3kT5D6/eg=
-488,-151,d58lLE1fEzVBp9GSwGUjVho3vYk=,7JNRTrM8MUi6vQyxC+3kT5D6/eg=
-490,-151,d58lLE1fEzVBp9GSwGUjVho3vYk=,7JNRTrM8MUi6vQyxC+3kT5D6/eg=
-495,-151,d58lLE1fEzVBp9GSwGUjVho3vYk=,7JNRTrM8MUi6vQyxC+3kT5D6/eg=
-496,-151,d58lLE1fEzVBp9GSwGUjVho3vYk=,7JNRTrM8MUi6vQyxC+3kT5D6/eg=
-493,-151,d58lLE1fEzVBp9GSwGUjVho3vYk=,7JNRTrM8MUi6vQyxC+3kT5D6/eg=
-492,-151,d58lLE1fEzVBp9GSwGUjVho3vYk=,7JNRTrM8MUi6vQyxC+3kT5D6/eg=
-481,-152,d58lLE1fEzVBp9GSwGUjVho3vYk=,7JNRTrM8MUi6vQyxC+3kT5D6/eg=
-487,-160,d58lLE1fEzVBp9GSwGUjVho3vYk=,7JNRTrM8MUi6vQyxC+3kT5D6/eg=
-494,-151,d58lLE1fEzVBp9GSwGUjVho3vYk=,7JNRTrM8MUi6vQyxC+3kT5D6/eg=
-483,-152,d58lLE1fEzVBp9GSwGUjVho3vYk=,7JNRTrM8MUi6vQyxC+3kT5D6/eg=
-484,-152,d58lLE1fEzVBp9GSwGUjVho3vYk=,7JNRTrM8MUi6vQyxC+3kT5D6/eg=
-491,-151,d58lLE1fEzVBp9GSwGUjVho3vYk=,7JNRTrM8MUi6vQyxC+3kT5D6/eg=
-486,-152,d58lLE1fEzVBp9GSwGUjVho3vYk=,7JNRTrM8MUi6vQyxC+3kT5D6/eg=
-487,-152,d58lLE1fEzVBp9GSwGUjVho3vYk=,7JNRTrM8MUi6vQyxC+3kT5D6/eg=
-485,-152,d58lLE1fEzVBp9GSwGUjVho3vYk=,7JNRTrM8MUi6vQyxC+3kT5D6/eg=
-489,-152,d58lLE1fEzVBp9GSwGUjVho3vYk=,7JNRTrM8MUi6vQyxC+3kT5D6/eg=
-488,-152,d58lLE1fEzVBp9GSwGUjVho3vYk=,7JNRTrM8MUi6vQyxC+3kT5D6/eg=
-490,-152,d58lLE1fEzVBp9GSwGUjVho3vYk=,7JNRTrM8MUi6vQyxC+3kT5D6/eg=
-491,-152,d58lLE1fEzVBp9GSwGUjVho3vYk=,7JNRTrM8MUi6vQyxC+3kT5D6/eg=
-492,-152,d58lLE1fEzVBp9GSwGUjVho3vYk=,7JNRTrM8MUi6vQyxC+3kT5D6/eg=
-493,-152,d58lLE1fEzVBp9GSwGUjVho3vYk=,7JNRTrM8MUi6vQyxC+3kT5D6/eg=
-495,-152,d58lLE1fEzVBp9GSwGUjVho3vYk=,7JNRTrM8MUi6vQyxC+3kT5D6/eg=
-482,-152,d58lLE1fEzVBp9GSwGUjVho3vYk=,7JNRTrM8MUi6vQyxC+3kT5D6/eg=
-494,-152,d58lLE1fEzVBp9GSwGUjVho3vYk=,7JNRTrM8MUi6vQyxC+3kT5D6/eg=
-488,-160,d58lLE1fEzVBp9GSwGUjVho3vYk=,7JNRTrM8MUi6vQyxC+3kT5D6/eg=
-496,-152,d58lLE1fEzVBp9GSwGUjVho3vYk=,7JNRTrM8MUi6vQyxC+3kT5D6/eg=
-481,-153,d58lLE1fEzVBp9GSwGUjVho3vYk=,7JNRTrM8MUi6vQyxC+3kT5D6/eg=
-483,-153,d58lLE1fEzVBp9GSwGUjVho3vYk=,7JNRTrM8MUi6vQyxC+3kT5D6/eg=
-484,-153,d58lLE1fEzVBp9GSwGUjVho3vYk=,7JNRTrM8MUi6vQyxC+3kT5D6/eg=
-482,-153,d58lLE1fEzVBp9GSwGUjVho3vYk=,7JNRTrM8MUi6vQyxC+3kT5D6/eg=
-485,-153,d58lLE1fEzVBp9GSwGUjVho3vYk=,7JNRTrM8MUi6vQyxC+3kT5D6/eg=
-487,-153,d58lLE1fEzVBp9GSwGUjVho3vYk=,7JNRTrM8MUi6vQyxC+3kT5D6/eg=
-486,-153,d58lLE1fEzVBp9GSwGUjVho3vYk=,7JNRTrM8MUi6vQyxC+3kT5D6/eg=
-488,-153,d58lLE1fEzVBp9GSwGUjVho3vYk=,7JNRTrM8MUi6vQyxC+3kT5D6/eg=
-489,-153,d58lLE1fEzVBp9GSwGUjVho3vYk=,7JNRTrM8MUi6vQyxC+3kT5D6/eg=
-490,-153,d58lLE1fEzVBp9GSwGUjVho3vYk=,7JNRTrM8MUi6vQyxC+3kT5D6/eg=
-491,-153,d58lLE1fEzVBp9GSwGUjVho3vYk=,7JNRTrM8MUi6vQyxC+3kT5D6/eg=
-495,-153,d58lLE1fEzVBp9GSwGUjVho3vYk=,7JNRTrM8MUi6vQyxC+3kT5D6/eg=
-492,-153,d58lLE1fEzVBp9GSwGUjVho3vYk=,7JNRTrM8MUi6vQyxC+3kT5D6/eg=
-493,-153,d58lLE1fEzVBp9GSwGUjVho3vYk=,7JNRTrM8MUi6vQyxC+3kT5D6/eg=
-494,-153,d58lLE1fEzVBp9GSwGUjVho3vYk=,7JNRTrM8MUi6vQyxC+3kT5D6/eg=
-496,-153,d58lLE1fEzVBp9GSwGUjVho3vYk=,7JNRTrM8MUi6vQyxC+3kT5D6/eg=
-489,-160,d58lLE1fEzVBp9GSwGUjVho3vYk=,7JNRTrM8MUi6vQyxC+3kT5D6/eg=
-482,-154,d58lLE1fEzVBp9GSwGUjVho3vYk=,7JNRTrM8MUi6vQyxC+3kT5D6/eg=
-483,-154,d58lLE1fEzVBp9GSwGUjVho3vYk=,7JNRTrM8MUi6vQyxC+3kT5D6/eg=
-481,-154,d58lLE1fEzVBp9GSwGUjVho3vYk=,7JNRTrM8MUi6vQyxC+3kT5D6/eg=
-484,-154,d58lLE1fEzVBp9GSwGUjVho3vYk=,7JNRTrM8MUi6vQyxC+3kT5D6/eg=
-486,-154,d58lLE1fEzVBp9GSwGUjVho3vYk=,7JNRTrM8MUi6vQyxC+3kT5D6/eg=
-485,-154,d58lLE1fEzVBp9GSwGUjVho3vYk=,7JNRTrM8MUi6vQyxC+3kT5D6/eg=
-487,-154,d58lLE1fEzVBp9GSwGUjVho3vYk=,7JNRTrM8MUi6vQyxC+3kT5D6/eg=
-488,-154,d58lLE1fEzVBp9GSwGUjVho3vYk=,7JNRTrM8MUi6vQyxC+3kT5D6/eg=
-489,-154,d58lLE1fEzVBp9GSwGUjVho3vYk=,7JNRTrM8MUi6vQyxC+3kT5D6/eg=
-490,-154,d58lLE1fEzVBp9GSwGUjVho3vYk=,7JNRTrM8MUi6vQyxC+3kT5D6/eg=
-491,-154,d58lLE1fEzVBp9GSwGUjVho3vYk=,7JNRTrM8MUi6vQyxC+3kT5D6/eg=
-492,-154,d58lLE1fEzVBp9GSwGUjVho3vYk=,7JNRTrM8MUi6vQyxC+3kT5D6/eg=
-494,-154,d58lLE1fEzVBp9GSwGUjVho3vYk=,7JNRTrM8MUi6vQyxC+3kT5D6/eg=
-493,-154,d58lLE1fEzVBp9GSwGUjVho3vYk=,7JNRTrM8MUi6vQyxC+3kT5D6/eg=
-495,-154,d58lLE1fEzVBp9GSwGUjVho3vYk=,7JNRTrM8MUi6vQyxC+3kT5D6/eg=
-496,-154,d58lLE1fEzVBp9GSwGUjVho3vYk=,7JNRTrM8MUi6vQyxC+3kT5D6/eg=
-481,-155,d58lLE1fEzVBp9GSwGUjVho3vYk=,7JNRTrM8MUi6vQyxC+3kT5D6/eg=
-482,-155,d58lLE1fEzVBp9GSwGUjVho3vYk=,7JNRTrM8MUi6vQyxC+3kT5D6/eg=
-483,-155,d58lLE1fEzVBp9GSwGUjVho3vYk=,7JNRTrM8MUi6vQyxC+3kT5D6/eg=
-484,-155,d58lLE1fEzVBp9GSwGUjVho3vYk=,7JNRTrM8MUi6vQyxC+3kT5D6/eg=
-490,-160,d58lLE1fEzVBp9GSwGUjVho3vYk=,7JNRTrM8MUi6vQyxC+3kT5D6/eg=
-485,-155,d58lLE1fEzVBp9GSwGUjVho3vYk=,7JNRTrM8MUi6vQyxC+3kT5D6/eg=
-486,-155,d58lLE1fEzVBp9GSwGUjVho3vYk=,7JNRTrM8MUi6vQyxC+3kT5D6/eg=
-487,-155,d58lLE1fEzVBp9GSwGUjVho3vYk=,7JNRTrM8MUi6vQyxC+3kT5D6/eg=
-490,-155,d58lLE1fEzVBp9GSwGUjVho3vYk=,7JNRTrM8MUi6vQyxC+3kT5D6/eg=
-489,-155,d58lLE1fEzVBp9GSwGUjVho3vYk=,7JNRTrM8MUi6vQyxC+3kT5D6/eg=
-488,-155,d58lLE1fEzVBp9GSwGUjVho3vYk=,7JNRTrM8MUi6vQyxC+3kT5D6/eg=
-492,-155,d58lLE1fEzVBp9GSwGUjVho3vYk=,7JNRTrM8MUi6vQyxC+3kT5D6/eg=
-493,-155,d58lLE1fEzVBp9GSwGUjVho3vYk=,7JNRTrM8MUi6vQyxC+3kT5D6/eg=
-495,-155,d58lLE1fEzVBp9GSwGUjVho3vYk=,7JNRTrM8MUi6vQyxC+3kT5D6/eg=
-496,-155,d58lLE1fEzVBp9GSwGUjVho3vYk=,7JNRTrM8MUi6vQyxC+3kT5D6/eg=
-494,-155,d58lLE1fEzVBp9GSwGUjVho3vYk=,7JNRTrM8MUi6vQyxC+3kT5D6/eg=
-491,-160,d58lLE1fEzVBp9GSwGUjVho3vYk=,7JNRTrM8MUi6vQyxC+3kT5D6/eg=
-491,-155,d58lLE1fEzVBp9GSwGUjVho3vYk=,7JNRTrM8MUi6vQyxC+3kT5D6/eg=
-483,-156,d58lLE1fEzVBp9GSwGUjVho3vYk=,7JNRTrM8MUi6vQyxC+3kT5D6/eg=
-486,-156,d58lLE1fEzVBp9GSwGUjVho3vYk=,7JNRTrM8MUi6vQyxC+3kT5D6/eg=
-484,-156,d58lLE1fEzVBp9GSwGUjVho3vYk=,7JNRTrM8MUi6vQyxC+3kT5D6/eg=
-485,-156,d58lLE1fEzVBp9GSwGUjVho3vYk=,7JNRTrM8MUi6vQyxC+3kT5D6/eg=
-487,-156,d58lLE1fEzVBp9GSwGUjVho3vYk=,7JNRTrM8MUi6vQyxC+3kT5D6/eg=
-488,-156,d58lLE1fEzVBp9GSwGUjVho3vYk=,7JNRTrM8MUi6vQyxC+3kT5D6/eg=
-489,-156,d58lLE1fEzVBp9GSwGUjVho3vYk=,7JNRTrM8MUi6vQyxC+3kT5D6/eg=
-490,-156,d58lLE1fEzVBp9GSwGUjVho3vYk=,7JNRTrM8MUi6vQyxC+3kT5D6/eg=
-491,-156,d58lLE1fEzVBp9GSwGUjVho3vYk=,7JNRTrM8MUi6vQyxC+3kT5D6/eg=
-494,-156,d58lLE1fEzVBp9GSwGUjVho3vYk=,7JNRTrM8MUi6vQyxC+3kT5D6/eg=
-492,-156,d58lLE1fEzVBp9GSwGUjVho3vYk=,7JNRTrM8MUi6vQyxC+3kT5D6/eg=
-493,-156,d58lLE1fEzVBp9GSwGUjVho3vYk=,7JNRTrM8MUi6vQyxC+3kT5D6/eg=
-495,-156,d58lLE1fEzVBp9GSwGUjVho3vYk=,7JNRTrM8MUi6vQyxC+3kT5D6/eg=
-492,-160,d58lLE1fEzVBp9GSwGUjVho3vYk=,7JNRTrM8MUi6vQyxC+3kT5D6/eg=
-496,-156,d58lLE1fEzVBp9GSwGUjVho3vYk=,7JNRTrM8MUi6vQyxC+3kT5D6/eg=
-484,-157,d58lLE1fEzVBp9GSwGUjVho3vYk=,7JNRTrM8MUi6vQyxC+3kT5D6/eg=
-483,-157,d58lLE1fEzVBp9GSwGUjVho3vYk=,7JNRTrM8MUi6vQyxC+3kT5D6/eg=
-486,-157,d58lLE1fEzVBp9GSwGUjVho3vYk=,7JNRTrM8MUi6vQyxC+3kT5D6/eg=
-485,-157,d58lLE1fEzVBp9GSwGUjVho3vYk=,7JNRTrM8MUi6vQyxC+3kT5D6/eg=
-487,-157,d58lLE1fEzVBp9GSwGUjVho3vYk=,7JNRTrM8MUi6vQyxC+3kT5D6/eg=
-488,-157,d58lLE1fEzVBp9GSwGUjVho3vYk=,7JNRTrM8MUi6vQyxC+3kT5D6/eg=
-489,-157,d58lLE1fEzVBp9GSwGUjVho3vYk=,7JNRTrM8MUi6vQyxC+3kT5D6/eg=
-490,-157,d58lLE1fEzVBp9GSwGUjVho3vYk=,7JNRTrM8MUi6vQyxC+3kT5D6/eg=
-491,-157,d58lLE1fEzVBp9GSwGUjVho3vYk=,7JNRTrM8MUi6vQyxC+3kT5D6/eg=
-493,-157,d58lLE1fEzVBp9GSwGUjVho3vYk=,7JNRTrM8MUi6vQyxC+3kT5D6/eg=
-494,-157,d58lLE1fEzVBp9GSwGUjVho3vYk=,7JNRTrM8MUi6vQyxC+3kT5D6/eg=
-492,-157,d58lLE1fEzVBp9GSwGUjVho3vYk=,7JNRTrM8MUi6vQyxC+3kT5D6/eg=
-496,-157,d58lLE1fEzVBp9GSwGUjVho3vYk=,7JNRTrM8MUi6vQyxC+3kT5D6/eg=
-495,-157,d58lLE1fEzVBp9GSwGUjVho3vYk=,7JNRTrM8MUi6vQyxC+3kT5D6/eg=
-493,-160,d58lLE1fEzVBp9GSwGUjVho3vYk=,7JNRTrM8MUi6vQyxC+3kT5D6/eg=
-483,-158,d58lLE1fEzVBp9GSwGUjVho3vYk=,7JNRTrM8MUi6vQyxC+3kT5D6/eg=
-482,-158,d58lLE1fEzVBp9GSwGUjVho3vYk=,7JNRTrM8MUi6vQyxC+3kT5D6/eg=
-484,-158,d58lLE1fEzVBp9GSwGUjVho3vYk=,7JNRTrM8MUi6vQyxC+3kT5D6/eg=
-485,-158,d58lLE1fEzVBp9GSwGUjVho3vYk=,7JNRTrM8MUi6vQyxC+3kT5D6/eg=
-486,-158,d58lLE1fEzVBp9GSwGUjVho3vYk=,7JNRTrM8MUi6vQyxC+3kT5D6/eg=
-487,-158,d58lLE1fEzVBp9GSwGUjVho3vYk=,7JNRTrM8MUi6vQyxC+3kT5D6/eg=
-488,-158,d58lLE1fEzVBp9GSwGUjVho3vYk=,7JNRTrM8MUi6vQyxC+3kT5D6/eg=
-489,-158,d58lLE1fEzVBp9GSwGUjVho3vYk=,7JNRTrM8MUi6vQyxC+3kT5D6/eg=
-490,-158,d58lLE1fEzVBp9GSwGUjVho3vYk=,7JNRTrM8MUi6vQyxC+3kT5D6/eg=
-491,-158,d58lLE1fEzVBp9GSwGUjVho3vYk=,7JNRTrM8MUi6vQyxC+3kT5D6/eg=
-492,-158,d58lLE1fEzVBp9GSwGUjVho3vYk=,7JNRTrM8MUi6vQyxC+3kT5D6/eg=
-493,-158,d58lLE1fEzVBp9GSwGUjVho3vYk=,7JNRTrM8MUi6vQyxC+3kT5D6/eg=
-494,-158,d58lLE1fEzVBp9GSwGUjVho3vYk=,7JNRTrM8MUi6vQyxC+3kT5D6/eg=
-495,-158,d58lLE1fEzVBp9GSwGUjVho3vYk=,7JNRTrM8MUi6vQyxC+3kT5D6/eg=
-496,-158,d58lLE1fEzVBp9GSwGUjVho3vYk=,7JNRTrM8MUi6vQyxC+3kT5D6/eg=
-494,-160,d58lLE1fEzVBp9GSwGUjVho3vYk=,7JNRTrM8MUi6vQyxC+3kT5D6/eg=
-481,-158,d58lLE1fEzVBp9GSwGUjVho3vYk=,7JNRTrM8MUi6vQyxC+3kT5D6/eg=
-482,-159,d58lLE1fEzVBp9GSwGUjVho3vYk=,7JNRTrM8MUi6vQyxC+3kT5D6/eg=
-482,-157,d58lLE1fEzVBp9GSwGUjVho3vYk=,7JNRTrM8MUi6vQyxC+3kT5D6/eg=
-482,-156,d58lLE1fEzVBp9GSwGUjVho3vYk=,7JNRTrM8MUi6vQyxC+3kT5D6/eg=
-481,-156,d58lLE1fEzVBp9GSwGUjVho3vYk=,7JNRTrM8MUi6vQyxC+3kT5D6/eg=
-481,-160,d58lLE1fEzVBp9GSwGUjVho3vYk=,7JNRTrM8MUi6vQyxC+3kT5D6/eg=
-481,-157,d58lLE1fEzVBp9GSwGUjVho3vYk=,7JNRTrM8MUi6vQyxC+3kT5D6/eg=
-483,-160,d58lLE1fEzVBp9GSwGUjVho3vYk=,7JNRTrM8MUi6vQyxC+3kT5D6/eg=
-481,-159,d58lLE1fEzVBp9GSwGUjVho3vYk=,7JNRTrM8MUi6vQyxC+3kT5D6/eg=
-512,-144,XrjFT+AYk4tAjj4LApsxpsuSQiI=,7JNRTrM8MUi6vQyxC+3kT5D6/eg=
-497,-144,XrjFT+AYk4tAjj4LApsxpsuSQiI=,7JNRTrM8MUi6vQyxC+3kT5D6/eg=
-498,-129,XrjFT+AYk4tAjj4LApsxpsuSQiI=,7JNRTrM8MUi6vQyxC+3kT5D6/eg=
-499,-129,XrjFT+AYk4tAjj4LApsxpsuSQiI=,7JNRTrM8MUi6vQyxC+3kT5D6/eg=
-497,-129,XrjFT+AYk4tAjj4LApsxpsuSQiI=,7JNRTrM8MUi6vQyxC+3kT5D6/eg=
-500,-129,XrjFT+AYk4tAjj4LApsxpsuSQiI=,7JNRTrM8MUi6vQyxC+3kT5D6/eg=
-501,-129,XrjFT+AYk4tAjj4LApsxpsuSQiI=,7JNRTrM8MUi6vQyxC+3kT5D6/eg=
-503,-129,XrjFT+AYk4tAjj4LApsxpsuSQiI=,7JNRTrM8MUi6vQyxC+3kT5D6/eg=
-504,-129,XrjFT+AYk4tAjj4LApsxpsuSQiI=,7JNRTrM8MUi6vQyxC+3kT5D6/eg=
-502,-129,XrjFT+AYk4tAjj4LApsxpsuSQiI=,7JNRTrM8MUi6vQyxC+3kT5D6/eg=
-506,-129,XrjFT+AYk4tAjj4LApsxpsuSQiI=,7JNRTrM8MUi6vQyxC+3kT5D6/eg=
-505,-129,XrjFT+AYk4tAjj4LApsxpsuSQiI=,7JNRTrM8MUi6vQyxC+3kT5D6/eg=
-507,-129,XrjFT+AYk4tAjj4LApsxpsuSQiI=,7JNRTrM8MUi6vQyxC+3kT5D6/eg=
-509,-129,XrjFT+AYk4tAjj4LApsxpsuSQiI=,7JNRTrM8MUi6vQyxC+3kT5D6/eg=
-511,-129,XrjFT+AYk4tAjj4LApsxpsuSQiI=,7JNRTrM8MUi6vQyxC+3kT5D6/eg=
-512,-143,XrjFT+AYk4tAjj4LApsxpsuSQiI=,7JNRTrM8MUi6vQyxC+3kT5D6/eg=
-508,-129,XrjFT+AYk4tAjj4LApsxpsuSQiI=,7JNRTrM8MUi6vQyxC+3kT5D6/eg=
-512,-129,XrjFT+AYk4tAjj4LApsxpsuSQiI=,7JNRTrM8MUi6vQyxC+3kT5D6/eg=
-497,-130,XrjFT+AYk4tAjj4LApsxpsuSQiI=,7JNRTrM8MUi6vQyxC+3kT5D6/eg=
-511,-143,XrjFT+AYk4tAjj4LApsxpsuSQiI=,7JNRTrM8MUi6vQyxC+3kT5D6/eg=
-498,-130,XrjFT+AYk4tAjj4LApsxpsuSQiI=,7JNRTrM8MUi6vQyxC+3kT5D6/eg=
-510,-143,XrjFT+AYk4tAjj4LApsxpsuSQiI=,7JNRTrM8MUi6vQyxC+3kT5D6/eg=
-499,-130,XrjFT+AYk4tAjj4LApsxpsuSQiI=,7JNRTrM8MUi6vQyxC+3kT5D6/eg=
-509,-143,XrjFT+AYk4tAjj4LApsxpsuSQiI=,7JNRTrM8MUi6vQyxC+3kT5D6/eg=
-500,-130,XrjFT+AYk4tAjj4LApsxpsuSQiI=,7JNRTrM8MUi6vQyxC+3kT5D6/eg=
-510,-129,XrjFT+AYk4tAjj4LApsxpsuSQiI=,7JNRTrM8MUi6vQyxC+3kT5D6/eg=
-498,-144,XrjFT+AYk4tAjj4LApsxpsuSQiI=,7JNRTrM8MUi6vQyxC+3kT5D6/eg=
-508,-143,XrjFT+AYk4tAjj4LApsxpsuSQiI=,7JNRTrM8MUi6vQyxC+3kT5D6/eg=
-501,-130,XrjFT+AYk4tAjj4LApsxpsuSQiI=,7JNRTrM8MUi6vQyxC+3kT5D6/eg=
-503,-130,XrjFT+AYk4tAjj4LApsxpsuSQiI=,7JNRTrM8MUi6vQyxC+3kT5D6/eg=
-502,-130,XrjFT+AYk4tAjj4LApsxpsuSQiI=,7JNRTrM8MUi6vQyxC+3kT5D6/eg=
-507,-143,XrjFT+AYk4tAjj4LApsxpsuSQiI=,7JNRTrM8MUi6vQyxC+3kT5D6/eg=
-505,-130,XrjFT+AYk4tAjj4LApsxpsuSQiI=,7JNRTrM8MUi6vQyxC+3kT5D6/eg=
-506,-130,XrjFT+AYk4tAjj4LApsxpsuSQiI=,7JNRTrM8MUi6vQyxC+3kT5D6/eg=
-506,-143,XrjFT+AYk4tAjj4LApsxpsuSQiI=,7JNRTrM8MUi6vQyxC+3kT5D6/eg=
-504,-130,XrjFT+AYk4tAjj4LApsxpsuSQiI=,7JNRTrM8MUi6vQyxC+3kT5D6/eg=
-509,-130,XrjFT+AYk4tAjj4LApsxpsuSQiI=,7JNRTrM8MUi6vQyxC+3kT5D6/eg=
-508,-130,XrjFT+AYk4tAjj4LApsxpsuSQiI=,7JNRTrM8MUi6vQyxC+3kT5D6/eg=
-505,-143,XrjFT+AYk4tAjj4LApsxpsuSQiI=,7JNRTrM8MUi6vQyxC+3kT5D6/eg=
-510,-130,XrjFT+AYk4tAjj4LApsxpsuSQiI=,7JNRTrM8MUi6vQyxC+3kT5D6/eg=
-511,-130,XrjFT+AYk4tAjj4LApsxpsuSQiI=,7JNRTrM8MUi6vQyxC+3kT5D6/eg=
-499,-144,XrjFT+AYk4tAjj4LApsxpsuSQiI=,7JNRTrM8MUi6vQyxC+3kT5D6/eg=
-512,-130,XrjFT+AYk4tAjj4LApsxpsuSQiI=,7JNRTrM8MUi6vQyxC+3kT5D6/eg=
-504,-143,XrjFT+AYk4tAjj4LApsxpsuSQiI=,7JNRTrM8MUi6vQyxC+3kT5D6/eg=
-499,-131,XrjFT+AYk4tAjj4LApsxpsuSQiI=,7JNRTrM8MUi6vQyxC+3kT5D6/eg=
-497,-131,XrjFT+AYk4tAjj4LApsxpsuSQiI=,7JNRTrM8MUi6vQyxC+3kT5D6/eg=
-501,-131,XrjFT+AYk4tAjj4LApsxpsuSQiI=,7JNRTrM8MUi6vQyxC+3kT5D6/eg=
-503,-143,XrjFT+AYk4tAjj4LApsxpsuSQiI=,7JNRTrM8MUi6vQyxC+3kT5D6/eg=
-498,-131,XrjFT+AYk4tAjj4LApsxpsuSQiI=,7JNRTrM8MUi6vQyxC+3kT5D6/eg=
-500,-131,XrjFT+AYk4tAjj4LApsxpsuSQiI=,7JNRTrM8MUi6vQyxC+3kT5D6/eg=
-502,-143,XrjFT+AYk4tAjj4LApsxpsuSQiI=,7JNRTrM8MUi6vQyxC+3kT5D6/eg=
-503,-131,XrjFT+AYk4tAjj4LApsxpsuSQiI=,7JNRTrM8MUi6vQyxC+3kT5D6/eg=
-504,-131,XrjFT+AYk4tAjj4LApsxpsuSQiI=,7JNRTrM8MUi6vQyxC+3kT5D6/eg=
-502,-131,XrjFT+AYk4tAjj4LApsxpsuSQiI=,7JNRTrM8MUi6vQyxC+3kT5D6/eg=
-507,-130,XrjFT+AYk4tAjj4LApsxpsuSQiI=,7JNRTrM8MUi6vQyxC+3kT5D6/eg=
-505,-131,XrjFT+AYk4tAjj4LApsxpsuSQiI=,7JNRTrM8MUi6vQyxC+3kT5D6/eg=
-501,-143,XrjFT+AYk4tAjj4LApsxpsuSQiI=,7JNRTrM8MUi6vQyxC+3kT5D6/eg=
-506,-131,XrjFT+AYk4tAjj4LApsxpsuSQiI=,7JNRTrM8MUi6vQyxC+3kT5D6/eg=
-510,-131,XrjFT+AYk4tAjj4LApsxpsuSQiI=,7JNRTrM8MUi6vQyxC+3kT5D6/eg=
-509,-131,XrjFT+AYk4tAjj4LApsxpsuSQiI=,7JNRTrM8MUi6vQyxC+3kT5D6/eg=
-507,-131,XrjFT+AYk4tAjj4LApsxpsuSQiI=,7JNRTrM8MUi6vQyxC+3kT5D6/eg=
-511,-131,XrjFT+AYk4tAjj4LApsxpsuSQiI=,7JNRTrM8MUi6vQyxC+3kT5D6/eg=
-500,-143,XrjFT+AYk4tAjj4LApsxpsuSQiI=,7JNRTrM8MUi6vQyxC+3kT5D6/eg=
-508,-131,XrjFT+AYk4tAjj4LApsxpsuSQiI=,7JNRTrM8MUi6vQyxC+3kT5D6/eg=
-498,-132,XrjFT+AYk4tAjj4LApsxpsuSQiI=,7JNRTrM8MUi6vQyxC+3kT5D6/eg=
-512,-131,XrjFT+AYk4tAjj4LApsxpsuSQiI=,7JNRTrM8MUi6vQyxC+3kT5D6/eg=
-497,-132,XrjFT+AYk4tAjj4LApsxpsuSQiI=,7JNRTrM8MUi6vQyxC+3kT5D6/eg=
-500,-144,XrjFT+AYk4tAjj4LApsxpsuSQiI=,7JNRTrM8MUi6vQyxC+3kT5D6/eg=
-500,-132,XrjFT+AYk4tAjj4LApsxpsuSQiI=,7JNRTrM8MUi6vQyxC+3kT5D6/eg=
-499,-132,XrjFT+AYk4tAjj4LApsxpsuSQiI=,7JNRTrM8MUi6vQyxC+3kT5D6/eg=
-499,-143,XrjFT+AYk4tAjj4LApsxpsuSQiI=,7JNRTrM8MUi6vQyxC+3kT5D6/eg=
-498,-143,XrjFT+AYk4tAjj4LApsxpsuSQiI=,7JNRTrM8MUi6vQyxC+3kT5D6/eg=
-503,-132,XrjFT+AYk4tAjj4LApsxpsuSQiI=,7JNRTrM8MUi6vQyxC+3kT5D6/eg=
-506,-132,XrjFT+AYk4tAjj4LApsxpsuSQiI=,7JNRTrM8MUi6vQyxC+3kT5D6/eg=
-501,-132,XrjFT+AYk4tAjj4LApsxpsuSQiI=,7JNRTrM8MUi6vQyxC+3kT5D6/eg=
-505,-132,XrjFT+AYk4tAjj4LApsxpsuSQiI=,7JNRTrM8MUi6vQyxC+3kT5D6/eg=
-497,-143,XrjFT+AYk4tAjj4LApsxpsuSQiI=,7JNRTrM8MUi6vQyxC+3kT5D6/eg=
-507,-132,XrjFT+AYk4tAjj4LApsxpsuSQiI=,7JNRTrM8MUi6vQyxC+3kT5D6/eg=
-508,-132,XrjFT+AYk4tAjj4LApsxpsuSQiI=,7JNRTrM8MUi6vQyxC+3kT5D6/eg=
-512,-142,XrjFT+AYk4tAjj4LApsxpsuSQiI=,7JNRTrM8MUi6vQyxC+3kT5D6/eg=
-504,-132,XrjFT+AYk4tAjj4LApsxpsuSQiI=,7JNRTrM8MUi6vQyxC+3kT5D6/eg=
-509,-132,XrjFT+AYk4tAjj4LApsxpsuSQiI=,7JNRTrM8MUi6vQyxC+3kT5D6/eg=
-510,-132,XrjFT+AYk4tAjj4LApsxpsuSQiI=,7JNRTrM8MUi6vQyxC+3kT5D6/eg=
-502,-132,XrjFT+AYk4tAjj4LApsxpsuSQiI=,7JNRTrM8MUi6vQyxC+3kT5D6/eg=
-501,-144,XrjFT+AYk4tAjj4LApsxpsuSQiI=,7JNRTrM8MUi6vQyxC+3kT5D6/eg=
-512,-132,XrjFT+AYk4tAjj4LApsxpsuSQiI=,7JNRTrM8MUi6vQyxC+3kT5D6/eg=
-511,-132,XrjFT+AYk4tAjj4LApsxpsuSQiI=,7JNRTrM8MUi6vQyxC+3kT5D6/eg=
-511,-142,XrjFT+AYk4tAjj4LApsxpsuSQiI=,7JNRTrM8MUi6vQyxC+3kT5D6/eg=
-500,-133,XrjFT+AYk4tAjj4LApsxpsuSQiI=,7JNRTrM8MUi6vQyxC+3kT5D6/eg=
-511,-144,XrjFT+AYk4tAjj4LApsxpsuSQiI=,7JNRTrM8MUi6vQyxC+3kT5D6/eg=
-498,-133,XrjFT+AYk4tAjj4LApsxpsuSQiI=,7JNRTrM8MUi6vQyxC+3kT5D6/eg=
-497,-133,XrjFT+AYk4tAjj4LApsxpsuSQiI=,7JNRTrM8MUi6vQyxC+3kT5D6/eg=
-502,-133,XrjFT+AYk4tAjj4LApsxpsuSQiI=,7JNRTrM8MUi6vQyxC+3kT5D6/eg=
-510,-142,XrjFT+AYk4tAjj4LApsxpsuSQiI=,7JNRTrM8MUi6vQyxC+3kT5D6/eg=
-501,-133,XrjFT+AYk4tAjj4LApsxpsuSQiI=,7JNRTrM8MUi6vQyxC+3kT5D6/eg=
-503,-133,XrjFT+AYk4tAjj4LApsxpsuSQiI=,7JNRTrM8MUi6vQyxC+3kT5D6/eg=
-509,-142,XrjFT+AYk4tAjj4LApsxpsuSQiI=,7JNRTrM8MUi6vQyxC+3kT5D6/eg=
-506,-133,XrjFT+AYk4tAjj4LApsxpsuSQiI=,7JNRTrM8MUi6vQyxC+3kT5D6/eg=
-505,-133,XrjFT+AYk4tAjj4LApsxpsuSQiI=,7JNRTrM8MUi6vQyxC+3kT5D6/eg=
-504,-133,XrjFT+AYk4tAjj4LApsxpsuSQiI=,7JNRTrM8MUi6vQyxC+3kT5D6/eg=
-508,-133,XrjFT+AYk4tAjj4LApsxpsuSQiI=,7JNRTrM8MUi6vQyxC+3kT5D6/eg=
-507,-133,XrjFT+AYk4tAjj4LApsxpsuSQiI=,7JNRTrM8MUi6vQyxC+3kT5D6/eg=
-509,-133,XrjFT+AYk4tAjj4LApsxpsuSQiI=,7JNRTrM8MUi6vQyxC+3kT5D6/eg=
-499,-133,XrjFT+AYk4tAjj4LApsxpsuSQiI=,7JNRTrM8MUi6vQyxC+3kT5D6/eg=
-508,-142,XrjFT+AYk4tAjj4LApsxpsuSQiI=,7JNRTrM8MUi6vQyxC+3kT5D6/eg=
-511,-133,XrjFT+AYk4tAjj4LApsxpsuSQiI=,7JNRTrM8MUi6vQyxC+3kT5D6/eg=
-502,-144,XrjFT+AYk4tAjj4LApsxpsuSQiI=,7JNRTrM8MUi6vQyxC+3kT5D6/eg=
-497,-134,XrjFT+AYk4tAjj4LApsxpsuSQiI=,7JNRTrM8MUi6vQyxC+3kT5D6/eg=
-512,-133,XrjFT+AYk4tAjj4LApsxpsuSQiI=,7JNRTrM8MUi6vQyxC+3kT5D6/eg=
-499,-134,XrjFT+AYk4tAjj4LApsxpsuSQiI=,7JNRTrM8MUi6vQyxC+3kT5D6/eg=
-507,-142,XrjFT+AYk4tAjj4LApsxpsuSQiI=,7JNRTrM8MUi6vQyxC+3kT5D6/eg=
-498,-134,XrjFT+AYk4tAjj4LApsxpsuSQiI=,7JNRTrM8MUi6vQyxC+3kT5D6/eg=
-500,-134,XrjFT+AYk4tAjj4LApsxpsuSQiI=,7JNRTrM8MUi6vQyxC+3kT5D6/eg=
-502,-134,XrjFT+AYk4tAjj4LApsxpsuSQiI=,7JNRTrM8MUi6vQyxC+3kT5D6/eg=
-506,-142,XrjFT+AYk4tAjj4LApsxpsuSQiI=,7JNRTrM8MUi6vQyxC+3kT5D6/eg=
-501,-134,XrjFT+AYk4tAjj4LApsxpsuSQiI=,7JNRTrM8MUi6vQyxC+3kT5D6/eg=
-510,-133,XrjFT+AYk4tAjj4LApsxpsuSQiI=,7JNRTrM8MUi6vQyxC+3kT5D6/eg=
-505,-134,XrjFT+AYk4tAjj4LApsxpsuSQiI=,7JNRTrM8MUi6vQyxC+3kT5D6/eg=
-507,-134,XrjFT+AYk4tAjj4LApsxpsuSQiI=,7JNRTrM8MUi6vQyxC+3kT5D6/eg=
-503,-134,XrjFT+AYk4tAjj4LApsxpsuSQiI=,7JNRTrM8MUi6vQyxC+3kT5D6/eg=
-506,-134,XrjFT+AYk4tAjj4LApsxpsuSQiI=,7JNRTrM8MUi6vQyxC+3kT5D6/eg=
-505,-142,XrjFT+AYk4tAjj4LApsxpsuSQiI=,7JNRTrM8MUi6vQyxC+3kT5D6/eg=
-509,-134,XrjFT+AYk4tAjj4LApsxpsuSQiI=,7JNRTrM8MUi6vQyxC+3kT5D6/eg=
-508,-134,XrjFT+AYk4tAjj4LApsxpsuSQiI=,7JNRTrM8MUi6vQyxC+3kT5D6/eg=
-503,-144,XrjFT+AYk4tAjj4LApsxpsuSQiI=,7JNRTrM8MUi6vQyxC+3kT5D6/eg=
-504,-134,XrjFT+AYk4tAjj4LApsxpsuSQiI=,7JNRTrM8MUi6vQyxC+3kT5D6/eg=
-510,-134,XrjFT+AYk4tAjj4LApsxpsuSQiI=,7JNRTrM8MUi6vQyxC+3kT5D6/eg=
-504,-142,XrjFT+AYk4tAjj4LApsxpsuSQiI=,7JNRTrM8MUi6vQyxC+3kT5D6/eg=
-498,-135,XrjFT+AYk4tAjj4LApsxpsuSQiI=,7JNRTrM8MUi6vQyxC+3kT5D6/eg=
-501,-135,XrjFT+AYk4tAjj4LApsxpsuSQiI=,7JNRTrM8MUi6vQyxC+3kT5D6/eg=
-497,-135,XrjFT+AYk4tAjj4LApsxpsuSQiI=,7JNRTrM8MUi6vQyxC+3kT5D6/eg=
-511,-134,XrjFT+AYk4tAjj4LApsxpsuSQiI=,7JNRTrM8MUi6vQyxC+3kT5D6/eg=
-512,-134,XrjFT+AYk4tAjj4LApsxpsuSQiI=,7JNRTrM8MUi6vQyxC+3kT5D6/eg=
-500,-135,XrjFT+AYk4tAjj4LApsxpsuSQiI=,7JNRTrM8MUi6vQyxC+3kT5D6/eg=
-499,-135,XrjFT+AYk4tAjj4LApsxpsuSQiI=,7JNRTrM8MUi6vQyxC+3kT5D6/eg=
-503,-142,XrjFT+AYk4tAjj4LApsxpsuSQiI=,7JNRTrM8MUi6vQyxC+3kT5D6/eg=
-502,-135,XrjFT+AYk4tAjj4LApsxpsuSQiI=,7JNRTrM8MUi6vQyxC+3kT5D6/eg=
-503,-135,XrjFT+AYk4tAjj4LApsxpsuSQiI=,7JNRTrM8MUi6vQyxC+3kT5D6/eg=
-504,-135,XrjFT+AYk4tAjj4LApsxpsuSQiI=,7JNRTrM8MUi6vQyxC+3kT5D6/eg=
-506,-135,XrjFT+AYk4tAjj4LApsxpsuSQiI=,7JNRTrM8MUi6vQyxC+3kT5D6/eg=
-507,-135,XrjFT+AYk4tAjj4LApsxpsuSQiI=,7JNRTrM8MUi6vQyxC+3kT5D6/eg=
-502,-142,XrjFT+AYk4tAjj4LApsxpsuSQiI=,7JNRTrM8MUi6vQyxC+3kT5D6/eg=
-505,-135,XrjFT+AYk4tAjj4LApsxpsuSQiI=,7JNRTrM8MUi6vQyxC+3kT5D6/eg=
-509,-135,XrjFT+AYk4tAjj4LApsxpsuSQiI=,7JNRTrM8MUi6vQyxC+3kT5D6/eg=
-508,-135,XrjFT+AYk4tAjj4LApsxpsuSQiI=,7JNRTrM8MUi6vQyxC+3kT5D6/eg=
-510,-135,XrjFT+AYk4tAjj4LApsxpsuSQiI=,7JNRTrM8MUi6vQyxC+3kT5D6/eg=
-511,-135,XrjFT+AYk4tAjj4LApsxpsuSQiI=,7JNRTrM8MUi6vQyxC+3kT5D6/eg=
-504,-144,XrjFT+AYk4tAjj4LApsxpsuSQiI=,7JNRTrM8MUi6vQyxC+3kT5D6/eg=
-497,-136,XrjFT+AYk4tAjj4LApsxpsuSQiI=,7JNRTrM8MUi6vQyxC+3kT5D6/eg=
-512,-135,XrjFT+AYk4tAjj4LApsxpsuSQiI=,7JNRTrM8MUi6vQyxC+3kT5D6/eg=
-501,-142,XrjFT+AYk4tAjj4LApsxpsuSQiI=,7JNRTrM8MUi6vQyxC+3kT5D6/eg=
-499,-136,XrjFT+AYk4tAjj4LApsxpsuSQiI=,7JNRTrM8MUi6vQyxC+3kT5D6/eg=
-501,-136,XrjFT+AYk4tAjj4LApsxpsuSQiI=,7JNRTrM8MUi6vQyxC+3kT5D6/eg=
-498,-136,XrjFT+AYk4tAjj4LApsxpsuSQiI=,7JNRTrM8MUi6vQyxC+3kT5D6/eg=
-502,-136,XrjFT+AYk4tAjj4LApsxpsuSQiI=,7JNRTrM8MUi6vQyxC+3kT5D6/eg=
-503,-136,XrjFT+AYk4tAjj4LApsxpsuSQiI=,7JNRTrM8MUi6vQyxC+3kT5D6/eg=
-500,-142,XrjFT+AYk4tAjj4LApsxpsuSQiI=,7JNRTrM8MUi6vQyxC+3kT5D6/eg=
-505,-136,XrjFT+AYk4tAjj4LApsxpsuSQiI=,7JNRTrM8MUi6vQyxC+3kT5D6/eg=
-504,-136,XrjFT+AYk4tAjj4LApsxpsuSQiI=,7JNRTrM8MUi6vQyxC+3kT5D6/eg=
-506,-136,XrjFT+AYk4tAjj4LApsxpsuSQiI=,7JNRTrM8MUi6vQyxC+3kT5D6/eg=
-500,-136,XrjFT+AYk4tAjj4LApsxpsuSQiI=,7JNRTrM8MUi6vQyxC+3kT5D6/eg=
-499,-142,XrjFT+AYk4tAjj4LApsxpsuSQiI=,7JNRTrM8MUi6vQyxC+3kT5D6/eg=
-508,-136,XrjFT+AYk4tAjj4LApsxpsuSQiI=,7JNRTrM8MUi6vQyxC+3kT5D6/eg=
-509,-136,XrjFT+AYk4tAjj4LApsxpsuSQiI=,7JNRTrM8MUi6vQyxC+3kT5D6/eg=
-510,-136,XrjFT+AYk4tAjj4LApsxpsuSQiI=,7JNRTrM8MUi6vQyxC+3kT5D6/eg=
-507,-136,XrjFT+AYk4tAjj4LApsxpsuSQiI=,7JNRTrM8MUi6vQyxC+3kT5D6/eg=
-511,-136,XrjFT+AYk4tAjj4LApsxpsuSQiI=,7JNRTrM8MUi6vQyxC+3kT5D6/eg=
-505,-144,XrjFT+AYk4tAjj4LApsxpsuSQiI=,7JNRTrM8MUi6vQyxC+3kT5D6/eg=
-512,-136,XrjFT+AYk4tAjj4LApsxpsuSQiI=,7JNRTrM8MUi6vQyxC+3kT5D6/eg=
-497,-137,XrjFT+AYk4tAjj4LApsxpsuSQiI=,7JNRTrM8MUi6vQyxC+3kT5D6/eg=
-498,-142,XrjFT+AYk4tAjj4LApsxpsuSQiI=,7JNRTrM8MUi6vQyxC+3kT5D6/eg=
-499,-137,XrjFT+AYk4tAjj4LApsxpsuSQiI=,7JNRTrM8MUi6vQyxC+3kT5D6/eg=
-500,-137,XrjFT+AYk4tAjj4LApsxpsuSQiI=,7JNRTrM8MUi6vQyxC+3kT5D6/eg=
-498,-137,XrjFT+AYk4tAjj4LApsxpsuSQiI=,7JNRTrM8MUi6vQyxC+3kT5D6/eg=
-502,-137,XrjFT+AYk4tAjj4LApsxpsuSQiI=,7JNRTrM8MUi6vQyxC+3kT5D6/eg=
-503,-137,XrjFT+AYk4tAjj4LApsxpsuSQiI=,7JNRTrM8MUi6vQyxC+3kT5D6/eg=
-501,-137,XrjFT+AYk4tAjj4LApsxpsuSQiI=,7JNRTrM8MUi6vQyxC+3kT5D6/eg=
-504,-137,XrjFT+AYk4tAjj4LApsxpsuSQiI=,7JNRTrM8MUi6vQyxC+3kT5D6/eg=
-505,-137,XrjFT+AYk4tAjj4LApsxpsuSQiI=,7JNRTrM8MUi6vQyxC+3kT5D6/eg=
-497,-142,XrjFT+AYk4tAjj4LApsxpsuSQiI=,7JNRTrM8MUi6vQyxC+3kT5D6/eg=
-507,-137,XrjFT+AYk4tAjj4LApsxpsuSQiI=,7JNRTrM8MUi6vQyxC+3kT5D6/eg=
-506,-137,XrjFT+AYk4tAjj4LApsxpsuSQiI=,7JNRTrM8MUi6vQyxC+3kT5D6/eg=
-509,-137,XrjFT+AYk4tAjj4LApsxpsuSQiI=,7JNRTrM8MUi6vQyxC+3kT5D6/eg=
-511,-137,XrjFT+AYk4tAjj4LApsxpsuSQiI=,7JNRTrM8MUi6vQyxC+3kT5D6/eg=
-510,-137,XrjFT+AYk4tAjj4LApsxpsuSQiI=,7JNRTrM8MUi6vQyxC+3kT5D6/eg=
-512,-141,XrjFT+AYk4tAjj4LApsxpsuSQiI=,7JNRTrM8MUi6vQyxC+3kT5D6/eg=
-508,-137,XrjFT+AYk4tAjj4LApsxpsuSQiI=,7JNRTrM8MUi6vQyxC+3kT5D6/eg=
-497,-138,XrjFT+AYk4tAjj4LApsxpsuSQiI=,7JNRTrM8MUi6vQyxC+3kT5D6/eg=
-512,-137,XrjFT+AYk4tAjj4LApsxpsuSQiI=,7JNRTrM8MUi6vQyxC+3kT5D6/eg=
-498,-138,XrjFT+AYk4tAjj4LApsxpsuSQiI=,7JNRTrM8MUi6vQyxC+3kT5D6/eg=
-510,-144,XrjFT+AYk4tAjj4LApsxpsuSQiI=,7JNRTrM8MUi6vQyxC+3kT5D6/eg=
-506,-144,XrjFT+AYk4tAjj4LApsxpsuSQiI=,7JNRTrM8MUi6vQyxC+3kT5D6/eg=
-500,-138,XrjFT+AYk4tAjj4LApsxpsuSQiI=,7JNRTrM8MUi6vQyxC+3kT5D6/eg=
-502,-138,XrjFT+AYk4tAjj4LApsxpsuSQiI=,7JNRTrM8MUi6vQyxC+3kT5D6/eg=
-499,-138,XrjFT+AYk4tAjj4LApsxpsuSQiI=,7JNRTrM8MUi6vQyxC+3kT5D6/eg=
-501,-138,XrjFT+AYk4tAjj4LApsxpsuSQiI=,7JNRTrM8MUi6vQyxC+3kT5D6/eg=
-503,-138,XrjFT+AYk4tAjj4LApsxpsuSQiI=,7JNRTrM8MUi6vQyxC+3kT5D6/eg=
-505,-138,XrjFT+AYk4tAjj4LApsxpsuSQiI=,7JNRTrM8MUi6vQyxC+3kT5D6/eg=
-504,-138,XrjFT+AYk4tAjj4LApsxpsuSQiI=,7JNRTrM8MUi6vQyxC+3kT5D6/eg=
-511,-141,XrjFT+AYk4tAjj4LApsxpsuSQiI=,7JNRTrM8MUi6vQyxC+3kT5D6/eg=
-506,-138,XrjFT+AYk4tAjj4LApsxpsuSQiI=,7JNRTrM8MUi6vQyxC+3kT5D6/eg=
-509,-138,XrjFT+AYk4tAjj4LApsxpsuSQiI=,7JNRTrM8MUi6vQyxC+3kT5D6/eg=
-508,-138,XrjFT+AYk4tAjj4LApsxpsuSQiI=,7JNRTrM8MUi6vQyxC+3kT5D6/eg=
-511,-138,XrjFT+AYk4tAjj4LApsxpsuSQiI=,7JNRTrM8MUi6vQyxC+3kT5D6/eg=
-510,-138,XrjFT+AYk4tAjj4LApsxpsuSQiI=,7JNRTrM8MUi6vQyxC+3kT5D6/eg=
-507,-138,XrjFT+AYk4tAjj4LApsxpsuSQiI=,7JNRTrM8MUi6vQyxC+3kT5D6/eg=
-510,-141,XrjFT+AYk4tAjj4LApsxpsuSQiI=,7JNRTrM8MUi6vQyxC+3kT5D6/eg=
-507,-144,XrjFT+AYk4tAjj4LApsxpsuSQiI=,7JNRTrM8MUi6vQyxC+3kT5D6/eg=
-498,-139,XrjFT+AYk4tAjj4LApsxpsuSQiI=,7JNRTrM8MUi6vQyxC+3kT5D6/eg=
-497,-139,XrjFT+AYk4tAjj4LApsxpsuSQiI=,7JNRTrM8MUi6vQyxC+3kT5D6/eg=
-499,-139,XrjFT+AYk4tAjj4LApsxpsuSQiI=,7JNRTrM8MUi6vQyxC+3kT5D6/eg=
-512,-138,XrjFT+AYk4tAjj4LApsxpsuSQiI=,7JNRTrM8MUi6vQyxC+3kT5D6/eg=
-501,-139,XrjFT+AYk4tAjj4LApsxpsuSQiI=,7JNRTrM8MUi6vQyxC+3kT5D6/eg=
-509,-141,XrjFT+AYk4tAjj4LApsxpsuSQiI=,7JNRTrM8MUi6vQyxC+3kT5D6/eg=
-500,-139,XrjFT+AYk4tAjj4LApsxpsuSQiI=,7JNRTrM8MUi6vQyxC+3kT5D6/eg=
-502,-139,XrjFT+AYk4tAjj4LApsxpsuSQiI=,7JNRTrM8MUi6vQyxC+3kT5D6/eg=
-504,-139,XrjFT+AYk4tAjj4LApsxpsuSQiI=,7JNRTrM8MUi6vQyxC+3kT5D6/eg=
-505,-139,XrjFT+AYk4tAjj4LApsxpsuSQiI=,7JNRTrM8MUi6vQyxC+3kT5D6/eg=
-503,-139,XrjFT+AYk4tAjj4LApsxpsuSQiI=,7JNRTrM8MUi6vQyxC+3kT5D6/eg=
-506,-139,XrjFT+AYk4tAjj4LApsxpsuSQiI=,7JNRTrM8MUi6vQyxC+3kT5D6/eg=
-508,-141,XrjFT+AYk4tAjj4LApsxpsuSQiI=,7JNRTrM8MUi6vQyxC+3kT5D6/eg=
-508,-139,XrjFT+AYk4tAjj4LApsxpsuSQiI=,7JNRTrM8MUi6vQyxC+3kT5D6/eg=
-507,-139,XrjFT+AYk4tAjj4LApsxpsuSQiI=,7JNRTrM8MUi6vQyxC+3kT5D6/eg=
-509,-139,XrjFT+AYk4tAjj4LApsxpsuSQiI=,7JNRTrM8MUi6vQyxC+3kT5D6/eg=
-510,-139,XrjFT+AYk4tAjj4LApsxpsuSQiI=,7JNRTrM8MUi6vQyxC+3kT5D6/eg=
-508,-144,XrjFT+AYk4tAjj4LApsxpsuSQiI=,7JNRTrM8MUi6vQyxC+3kT5D6/eg=
-498,-140,XrjFT+AYk4tAjj4LApsxpsuSQiI=,7JNRTrM8MUi6vQyxC+3kT5D6/eg=
-511,-139,XrjFT+AYk4tAjj4LApsxpsuSQiI=,7JNRTrM8MUi6vQyxC+3kT5D6/eg=
-497,-140,XrjFT+AYk4tAjj4LApsxpsuSQiI=,7JNRTrM8MUi6vQyxC+3kT5D6/eg=
-499,-140,XrjFT+AYk4tAjj4LApsxpsuSQiI=,7JNRTrM8MUi6vQyxC+3kT5D6/eg=
-507,-141,XrjFT+AYk4tAjj4LApsxpsuSQiI=,7JNRTrM8MUi6vQyxC+3kT5D6/eg=
-512,-139,XrjFT+AYk4tAjj4LApsxpsuSQiI=,7JNRTrM8MUi6vQyxC+3kT5D6/eg=
-503,-140,XrjFT+AYk4tAjj4LApsxpsuSQiI=,7JNRTrM8MUi6vQyxC+3kT5D6/eg=
-502,-140,XrjFT+AYk4tAjj4LApsxpsuSQiI=,7JNRTrM8MUi6vQyxC+3kT5D6/eg=
-501,-140,XrjFT+AYk4tAjj4LApsxpsuSQiI=,7JNRTrM8MUi6vQyxC+3kT5D6/eg=
-505,-140,XrjFT+AYk4tAjj4LApsxpsuSQiI=,7JNRTrM8MUi6vQyxC+3kT5D6/eg=
-504,-140,XrjFT+AYk4tAjj4LApsxpsuSQiI=,7JNRTrM8MUi6vQyxC+3kT5D6/eg=
-508,-140,XrjFT+AYk4tAjj4LApsxpsuSQiI=,7JNRTrM8MUi6vQyxC+3kT5D6/eg=
-507,-140,XrjFT+AYk4tAjj4LApsxpsuSQiI=,7JNRTrM8MUi6vQyxC+3kT5D6/eg=
-509,-140,XrjFT+AYk4tAjj4LApsxpsuSQiI=,7JNRTrM8MUi6vQyxC+3kT5D6/eg=
-506,-141,XrjFT+AYk4tAjj4LApsxpsuSQiI=,7JNRTrM8MUi6vQyxC+3kT5D6/eg=
-510,-140,XrjFT+AYk4tAjj4LApsxpsuSQiI=,7JNRTrM8MUi6vQyxC+3kT5D6/eg=
-506,-140,XrjFT+AYk4tAjj4LApsxpsuSQiI=,7JNRTrM8MUi6vQyxC+3kT5D6/eg=
-511,-140,XrjFT+AYk4tAjj4LApsxpsuSQiI=,7JNRTrM8MUi6vQyxC+3kT5D6/eg=
-497,-141,XrjFT+AYk4tAjj4LApsxpsuSQiI=,7JNRTrM8MUi6vQyxC+3kT5D6/eg=
-505,-141,XrjFT+AYk4tAjj4LApsxpsuSQiI=,7JNRTrM8MUi6vQyxC+3kT5D6/eg=
-509,-144,XrjFT+AYk4tAjj4LApsxpsuSQiI=,7JNRTrM8MUi6vQyxC+3kT5D6/eg=
-498,-141,XrjFT+AYk4tAjj4LApsxpsuSQiI=,7JNRTrM8MUi6vQyxC+3kT5D6/eg=
-512,-140,XrjFT+AYk4tAjj4LApsxpsuSQiI=,7JNRTrM8MUi6vQyxC+3kT5D6/eg=
-499,-141,XrjFT+AYk4tAjj4LApsxpsuSQiI=,7JNRTrM8MUi6vQyxC+3kT5D6/eg=
-500,-141,XrjFT+AYk4tAjj4LApsxpsuSQiI=,7JNRTrM8MUi6vQyxC+3kT5D6/eg=
-502,-141,XrjFT+AYk4tAjj4LApsxpsuSQiI=,7JNRTrM8MUi6vQyxC+3kT5D6/eg=
-504,-141,XrjFT+AYk4tAjj4LApsxpsuSQiI=,7JNRTrM8MUi6vQyxC+3kT5D6/eg=
-501,-141,XrjFT+AYk4tAjj4LApsxpsuSQiI=,7JNRTrM8MUi6vQyxC+3kT5D6/eg=
-500,-140,XrjFT+AYk4tAjj4LApsxpsuSQiI=,7JNRTrM8MUi6vQyxC+3kT5D6/eg=
-503,-141,XrjFT+AYk4tAjj4LApsxpsuSQiI=,7JNRTrM8MUi6vQyxC+3kT5D6/eg=
-481,-129,XrjFT+AYk4tAjj4LApsxpsuSQiI=,7JNRTrM8MUi6vQyxC+3kT5D6/eg=
-482,-129,XrjFT+AYk4tAjj4LApsxpsuSQiI=,7JNRTrM8MUi6vQyxC+3kT5D6/eg=
-481,-144,XrjFT+AYk4tAjj4LApsxpsuSQiI=,7JNRTrM8MUi6vQyxC+3kT5D6/eg=
-483,-144,XrjFT+AYk4tAjj4LApsxpsuSQiI=,7JNRTrM8MUi6vQyxC+3kT5D6/eg=
-484,-144,XrjFT+AYk4tAjj4LApsxpsuSQiI=,7JNRTrM8MUi6vQyxC+3kT5D6/eg=
-496,-143,XrjFT+AYk4tAjj4LApsxpsuSQiI=,7JNRTrM8MUi6vQyxC+3kT5D6/eg=
-482,-144,XrjFT+AYk4tAjj4LApsxpsuSQiI=,7JNRTrM8MUi6vQyxC+3kT5D6/eg=
-485,-144,XrjFT+AYk4tAjj4LApsxpsuSQiI=,7JNRTrM8MUi6vQyxC+3kT5D6/eg=
-486,-144,XrjFT+AYk4tAjj4LApsxpsuSQiI=,7JNRTrM8MUi6vQyxC+3kT5D6/eg=
-495,-143,XrjFT+AYk4tAjj4LApsxpsuSQiI=,7JNRTrM8MUi6vQyxC+3kT5D6/eg=
-487,-144,XrjFT+AYk4tAjj4LApsxpsuSQiI=,7JNRTrM8MUi6vQyxC+3kT5D6/eg=
-488,-144,XrjFT+AYk4tAjj4LApsxpsuSQiI=,7JNRTrM8MUi6vQyxC+3kT5D6/eg=
-494,-143,XrjFT+AYk4tAjj4LApsxpsuSQiI=,7JNRTrM8MUi6vQyxC+3kT5D6/eg=
-493,-143,XrjFT+AYk4tAjj4LApsxpsuSQiI=,7JNRTrM8MUi6vQyxC+3kT5D6/eg=
-489,-144,XrjFT+AYk4tAjj4LApsxpsuSQiI=,7JNRTrM8MUi6vQyxC+3kT5D6/eg=
-491,-143,XrjFT+AYk4tAjj4LApsxpsuSQiI=,7JNRTrM8MUi6vQyxC+3kT5D6/eg=
-490,-143,XrjFT+AYk4tAjj4LApsxpsuSQiI=,7JNRTrM8MUi6vQyxC+3kT5D6/eg=
-492,-144,XrjFT+AYk4tAjj4LApsxpsuSQiI=,7JNRTrM8MUi6vQyxC+3kT5D6/eg=
-492,-143,XrjFT+AYk4tAjj4LApsxpsuSQiI=,7JNRTrM8MUi6vQyxC+3kT5D6/eg=
-490,-144,XrjFT+AYk4tAjj4LApsxpsuSQiI=,7JNRTrM8MUi6vQyxC+3kT5D6/eg=
-489,-143,XrjFT+AYk4tAjj4LApsxpsuSQiI=,7JNRTrM8MUi6vQyxC+3kT5D6/eg=
-488,-143,XrjFT+AYk4tAjj4LApsxpsuSQiI=,7JNRTrM8MUi6vQyxC+3kT5D6/eg=
-493,-144,XrjFT+AYk4tAjj4LApsxpsuSQiI=,7JNRTrM8MUi6vQyxC+3kT5D6/eg=
-487,-143,XrjFT+AYk4tAjj4LApsxpsuSQiI=,7JNRTrM8MUi6vQyxC+3kT5D6/eg=
-494,-144,XrjFT+AYk4tAjj4LApsxpsuSQiI=,7JNRTrM8MUi6vQyxC+3kT5D6/eg=
-486,-143,XrjFT+AYk4tAjj4LApsxpsuSQiI=,7JNRTrM8MUi6vQyxC+3kT5D6/eg=
-495,-144,XrjFT+AYk4tAjj4LApsxpsuSQiI=,7JNRTrM8MUi6vQyxC+3kT5D6/eg=
-485,-143,XrjFT+AYk4tAjj4LApsxpsuSQiI=,7JNRTrM8MUi6vQyxC+3kT5D6/eg=
-483,-129,XrjFT+AYk4tAjj4LApsxpsuSQiI=,7JNRTrM8MUi6vQyxC+3kT5D6/eg=
-491,-144,XrjFT+AYk4tAjj4LApsxpsuSQiI=,7JNRTrM8MUi6vQyxC+3kT5D6/eg=
-484,-129,XrjFT+AYk4tAjj4LApsxpsuSQiI=,7JNRTrM8MUi6vQyxC+3kT5D6/eg=
-496,-144,XrjFT+AYk4tAjj4LApsxpsuSQiI=,7JNRTrM8MUi6vQyxC+3kT5D6/eg=
-484,-143,XrjFT+AYk4tAjj4LApsxpsuSQiI=,7JNRTrM8MUi6vQyxC+3kT5D6/eg=
-483,-143,XrjFT+AYk4tAjj4LApsxpsuSQiI=,7JNRTrM8MUi6vQyxC+3kT5D6/eg=
-487,-129,XrjFT+AYk4tAjj4LApsxpsuSQiI=,7JNRTrM8MUi6vQyxC+3kT5D6/eg=
-485,-129,XrjFT+AYk4tAjj4LApsxpsuSQiI=,7JNRTrM8MUi6vQyxC+3kT5D6/eg=
-486,-129,XrjFT+AYk4tAjj4LApsxpsuSQiI=,7JNRTrM8MUi6vQyxC+3kT5D6/eg=
-482,-143,XrjFT+AYk4tAjj4LApsxpsuSQiI=,7JNRTrM8MUi6vQyxC+3kT5D6/eg=
-488,-129,XrjFT+AYk4tAjj4LApsxpsuSQiI=,7JNRTrM8MUi6vQyxC+3kT5D6/eg=
-489,-129,XrjFT+AYk4tAjj4LApsxpsuSQiI=,7JNRTrM8MUi6vQyxC+3kT5D6/eg=
-481,-143,XrjFT+AYk4tAjj4LApsxpsuSQiI=,7JNRTrM8MUi6vQyxC+3kT5D6/eg=
-491,-129,XrjFT+AYk4tAjj4LApsxpsuSQiI=,7JNRTrM8MUi6vQyxC+3kT5D6/eg=
-490,-129,XrjFT+AYk4tAjj4LApsxpsuSQiI=,7JNRTrM8MUi6vQyxC+3kT5D6/eg=
-496,-142,XrjFT+AYk4tAjj4LApsxpsuSQiI=,7JNRTrM8MUi6vQyxC+3kT5D6/eg=
-495,-142,XrjFT+AYk4tAjj4LApsxpsuSQiI=,7JNRTrM8MUi6vQyxC+3kT5D6/eg=
-493,-129,XrjFT+AYk4tAjj4LApsxpsuSQiI=,7JNRTrM8MUi6vQyxC+3kT5D6/eg=
-492,-129,XrjFT+AYk4tAjj4LApsxpsuSQiI=,7JNRTrM8MUi6vQyxC+3kT5D6/eg=
-494,-142,XrjFT+AYk4tAjj4LApsxpsuSQiI=,7JNRTrM8MUi6vQyxC+3kT5D6/eg=
-494,-129,XrjFT+AYk4tAjj4LApsxpsuSQiI=,7JNRTrM8MUi6vQyxC+3kT5D6/eg=
-495,-129,XrjFT+AYk4tAjj4LApsxpsuSQiI=,7JNRTrM8MUi6vQyxC+3kT5D6/eg=
-496,-129,XrjFT+AYk4tAjj4LApsxpsuSQiI=,7JNRTrM8MUi6vQyxC+3kT5D6/eg=
-481,-130,XrjFT+AYk4tAjj4LApsxpsuSQiI=,7JNRTrM8MUi6vQyxC+3kT5D6/eg=
-483,-130,XrjFT+AYk4tAjj4LApsxpsuSQiI=,7JNRTrM8MUi6vQyxC+3kT5D6/eg=
-491,-142,XrjFT+AYk4tAjj4LApsxpsuSQiI=,7JNRTrM8MUi6vQyxC+3kT5D6/eg=
-492,-142,XrjFT+AYk4tAjj4LApsxpsuSQiI=,7JNRTrM8MUi6vQyxC+3kT5D6/eg=
-493,-142,XrjFT+AYk4tAjj4LApsxpsuSQiI=,7JNRTrM8MUi6vQyxC+3kT5D6/eg=
-484,-130,XrjFT+AYk4tAjj4LApsxpsuSQiI=,7JNRTrM8MUi6vQyxC+3kT5D6/eg=
-490,-142,XrjFT+AYk4tAjj4LApsxpsuSQiI=,7JNRTrM8MUi6vQyxC+3kT5D6/eg=
-486,-130,XrjFT+AYk4tAjj4LApsxpsuSQiI=,7JNRTrM8MUi6vQyxC+3kT5D6/eg=
-485,-130,XrjFT+AYk4tAjj4LApsxpsuSQiI=,7JNRTrM8MUi6vQyxC+3kT5D6/eg=
-489,-142,XrjFT+AYk4tAjj4LApsxpsuSQiI=,7JNRTrM8MUi6vQyxC+3kT5D6/eg=
-488,-142,XrjFT+AYk4tAjj4LApsxpsuSQiI=,7JNRTrM8MUi6vQyxC+3kT5D6/eg=
-487,-130,XrjFT+AYk4tAjj4LApsxpsuSQiI=,7JNRTrM8MUi6vQyxC+3kT5D6/eg=
-482,-130,XrjFT+AYk4tAjj4LApsxpsuSQiI=,7JNRTrM8MUi6vQyxC+3kT5D6/eg=
-490,-130,XrjFT+AYk4tAjj4LApsxpsuSQiI=,7JNRTrM8MUi6vQyxC+3kT5D6/eg=
-487,-142,XrjFT+AYk4tAjj4LApsxpsuSQiI=,7JNRTrM8MUi6vQyxC+3kT5D6/eg=
-486,-142,XrjFT+AYk4tAjj4LApsxpsuSQiI=,7JNRTrM8MUi6vQyxC+3kT5D6/eg=
-491,-130,XrjFT+AYk4tAjj4LApsxpsuSQiI=,7JNRTrM8MUi6vQyxC+3kT5D6/eg=
-493,-130,XrjFT+AYk4tAjj4LApsxpsuSQiI=,7JNRTrM8MUi6vQyxC+3kT5D6/eg=
-495,-130,XrjFT+AYk4tAjj4LApsxpsuSQiI=,7JNRTrM8MUi6vQyxC+3kT5D6/eg=
-494,-130,XrjFT+AYk4tAjj4LApsxpsuSQiI=,7JNRTrM8MUi6vQyxC+3kT5D6/eg=
-492,-130,XrjFT+AYk4tAjj4LApsxpsuSQiI=,7JNRTrM8MUi6vQyxC+3kT5D6/eg=
-496,-130,XrjFT+AYk4tAjj4LApsxpsuSQiI=,7JNRTrM8MUi6vQyxC+3kT5D6/eg=
-485,-142,XrjFT+AYk4tAjj4LApsxpsuSQiI=,7JNRTrM8MUi6vQyxC+3kT5D6/eg=
-482,-131,XrjFT+AYk4tAjj4LApsxpsuSQiI=,7JNRTrM8MUi6vQyxC+3kT5D6/eg=
-483,-131,XrjFT+AYk4tAjj4LApsxpsuSQiI=,7JNRTrM8MUi6vQyxC+3kT5D6/eg=
-484,-142,XrjFT+AYk4tAjj4LApsxpsuSQiI=,7JNRTrM8MUi6vQyxC+3kT5D6/eg=
-484,-131,XrjFT+AYk4tAjj4LApsxpsuSQiI=,7JNRTrM8MUi6vQyxC+3kT5D6/eg=
-481,-131,XrjFT+AYk4tAjj4LApsxpsuSQiI=,7JNRTrM8MUi6vQyxC+3kT5D6/eg=
-488,-130,XrjFT+AYk4tAjj4LApsxpsuSQiI=,7JNRTrM8MUi6vQyxC+3kT5D6/eg=
-483,-142,XrjFT+AYk4tAjj4LApsxpsuSQiI=,7JNRTrM8MUi6vQyxC+3kT5D6/eg=
-489,-130,XrjFT+AYk4tAjj4LApsxpsuSQiI=,7JNRTrM8MUi6vQyxC+3kT5D6/eg=
-486,-131,XrjFT+AYk4tAjj4LApsxpsuSQiI=,7JNRTrM8MUi6vQyxC+3kT5D6/eg=
-490,-131,XrjFT+AYk4tAjj4LApsxpsuSQiI=,7JNRTrM8MUi6vQyxC+3kT5D6/eg=
-492,-131,XrjFT+AYk4tAjj4LApsxpsuSQiI=,7JNRTrM8MUi6vQyxC+3kT5D6/eg=
-485,-131,XrjFT+AYk4tAjj4LApsxpsuSQiI=,7JNRTrM8MUi6vQyxC+3kT5D6/eg=
-489,-131,XrjFT+AYk4tAjj4LApsxpsuSQiI=,7JNRTrM8MUi6vQyxC+3kT5D6/eg=
-491,-131,XrjFT+AYk4tAjj4LApsxpsuSQiI=,7JNRTrM8MUi6vQyxC+3kT5D6/eg=
-488,-131,XrjFT+AYk4tAjj4LApsxpsuSQiI=,7JNRTrM8MUi6vQyxC+3kT5D6/eg=
-487,-131,XrjFT+AYk4tAjj4LApsxpsuSQiI=,7JNRTrM8MUi6vQyxC+3kT5D6/eg=
-482,-142,XrjFT+AYk4tAjj4LApsxpsuSQiI=,7JNRTrM8MUi6vQyxC+3kT5D6/eg=
-494,-131,XrjFT+AYk4tAjj4LApsxpsuSQiI=,7JNRTrM8MUi6vQyxC+3kT5D6/eg=
-493,-131,XrjFT+AYk4tAjj4LApsxpsuSQiI=,7JNRTrM8MUi6vQyxC+3kT5D6/eg=
-481,-142,XrjFT+AYk4tAjj4LApsxpsuSQiI=,7JNRTrM8MUi6vQyxC+3kT5D6/eg=
-496,-131,XrjFT+AYk4tAjj4LApsxpsuSQiI=,7JNRTrM8MUi6vQyxC+3kT5D6/eg=
-481,-132,XrjFT+AYk4tAjj4LApsxpsuSQiI=,7JNRTrM8MUi6vQyxC+3kT5D6/eg=
-496,-141,XrjFT+AYk4tAjj4LApsxpsuSQiI=,7JNRTrM8MUi6vQyxC+3kT5D6/eg=
-484,-132,XrjFT+AYk4tAjj4LApsxpsuSQiI=,7JNRTrM8MUi6vQyxC+3kT5D6/eg=
-485,-132,XrjFT+AYk4tAjj4LApsxpsuSQiI=,7JNRTrM8MUi6vQyxC+3kT5D6/eg=
-483,-132,XrjFT+AYk4tAjj4LApsxpsuSQiI=,7JNRTrM8MUi6vQyxC+3kT5D6/eg=
-482,-132,XrjFT+AYk4tAjj4LApsxpsuSQiI=,7JNRTrM8MUi6vQyxC+3kT5D6/eg=
-495,-131,XrjFT+AYk4tAjj4LApsxpsuSQiI=,7JNRTrM8MUi6vQyxC+3kT5D6/eg=
-488,-132,XrjFT+AYk4tAjj4LApsxpsuSQiI=,7JNRTrM8MUi6vQyxC+3kT5D6/eg=
-486,-132,XrjFT+AYk4tAjj4LApsxpsuSQiI=,7JNRTrM8MUi6vQyxC+3kT5D6/eg=
-487,-132,XrjFT+AYk4tAjj4LApsxpsuSQiI=,7JNRTrM8MUi6vQyxC+3kT5D6/eg=
-490,-132,XrjFT+AYk4tAjj4LApsxpsuSQiI=,7JNRTrM8MUi6vQyxC+3kT5D6/eg=
-492,-132,XrjFT+AYk4tAjj4LApsxpsuSQiI=,7JNRTrM8MUi6vQyxC+3kT5D6/eg=
-495,-141,XrjFT+AYk4tAjj4LApsxpsuSQiI=,7JNRTrM8MUi6vQyxC+3kT5D6/eg=
-495,-132,XrjFT+AYk4tAjj4LApsxpsuSQiI=,7JNRTrM8MUi6vQyxC+3kT5D6/eg=
-494,-132,XrjFT+AYk4tAjj4LApsxpsuSQiI=,7JNRTrM8MUi6vQyxC+3kT5D6/eg=
-489,-132,XrjFT+AYk4tAjj4LApsxpsuSQiI=,7JNRTrM8MUi6vQyxC+3kT5D6/eg=
-481,-133,XrjFT+AYk4tAjj4LApsxpsuSQiI=,7JNRTrM8MUi6vQyxC+3kT5D6/eg=
-494,-141,XrjFT+AYk4tAjj4LApsxpsuSQiI=,7JNRTrM8MUi6vQyxC+3kT5D6/eg=
-496,-132,XrjFT+AYk4tAjj4LApsxpsuSQiI=,7JNRTrM8MUi6vQyxC+3kT5D6/eg=
-482,-133,XrjFT+AYk4tAjj4LApsxpsuSQiI=,7JNRTrM8MUi6vQyxC+3kT5D6/eg=
-484,-133,XrjFT+AYk4tAjj4LApsxpsuSQiI=,7JNRTrM8MUi6vQyxC+3kT5D6/eg=
-485,-133,XrjFT+AYk4tAjj4LApsxpsuSQiI=,7JNRTrM8MUi6vQyxC+3kT5D6/eg=
-491,-132,XrjFT+AYk4tAjj4LApsxpsuSQiI=,7JNRTrM8MUi6vQyxC+3kT5D6/eg=
-486,-133,XrjFT+AYk4tAjj4LApsxpsuSQiI=,7JNRTrM8MUi6vQyxC+3kT5D6/eg=
-483,-133,XrjFT+AYk4tAjj4LApsxpsuSQiI=,7JNRTrM8MUi6vQyxC+3kT5D6/eg=
-493,-141,XrjFT+AYk4tAjj4LApsxpsuSQiI=,7JNRTrM8MUi6vQyxC+3kT5D6/eg=
-493,-132,XrjFT+AYk4tAjj4LApsxpsuSQiI=,7JNRTrM8MUi6vQyxC+3kT5D6/eg=
-488,-133,XrjFT+AYk4tAjj4LApsxpsuSQiI=,7JNRTrM8MUi6vQyxC+3kT5D6/eg=
-487,-133,XrjFT+AYk4tAjj4LApsxpsuSQiI=,7JNRTrM8MUi6vQyxC+3kT5D6/eg=
-490,-133,XrjFT+AYk4tAjj4LApsxpsuSQiI=,7JNRTrM8MUi6vQyxC+3kT5D6/eg=
-489,-133,XrjFT+AYk4tAjj4LApsxpsuSQiI=,7JNRTrM8MUi6vQyxC+3kT5D6/eg=
-493,-133,XrjFT+AYk4tAjj4LApsxpsuSQiI=,7JNRTrM8MUi6vQyxC+3kT5D6/eg=
-491,-133,XrjFT+AYk4tAjj4LApsxpsuSQiI=,7JNRTrM8MUi6vQyxC+3kT5D6/eg=
-492,-133,XrjFT+AYk4tAjj4LApsxpsuSQiI=,7JNRTrM8MUi6vQyxC+3kT5D6/eg=
-492,-141,XrjFT+AYk4tAjj4LApsxpsuSQiI=,7JNRTrM8MUi6vQyxC+3kT5D6/eg=
-482,-134,XrjFT+AYk4tAjj4LApsxpsuSQiI=,7JNRTrM8MUi6vQyxC+3kT5D6/eg=
-481,-134,XrjFT+AYk4tAjj4LApsxpsuSQiI=,7JNRTrM8MUi6vQyxC+3kT5D6/eg=
-494,-133,XrjFT+AYk4tAjj4LApsxpsuSQiI=,7JNRTrM8MUi6vQyxC+3kT5D6/eg=
-483,-134,XrjFT+AYk4tAjj4LApsxpsuSQiI=,7JNRTrM8MUi6vQyxC+3kT5D6/eg=
-495,-133,XrjFT+AYk4tAjj4LApsxpsuSQiI=,7JNRTrM8MUi6vQyxC+3kT5D6/eg=
-496,-133,XrjFT+AYk4tAjj4LApsxpsuSQiI=,7JNRTrM8MUi6vQyxC+3kT5D6/eg=
-484,-134,XrjFT+AYk4tAjj4LApsxpsuSQiI=,7JNRTrM8MUi6vQyxC+3kT5D6/eg=
-491,-141,XrjFT+AYk4tAjj4LApsxpsuSQiI=,7JNRTrM8MUi6vQyxC+3kT5D6/eg=
-485,-134,XrjFT+AYk4tAjj4LApsxpsuSQiI=,7JNRTrM8MUi6vQyxC+3kT5D6/eg=
-489,-134,XrjFT+AYk4tAjj4LApsxpsuSQiI=,7JNRTrM8MUi6vQyxC+3kT5D6/eg=
-490,-134,XrjFT+AYk4tAjj4LApsxpsuSQiI=,7JNRTrM8MUi6vQyxC+3kT5D6/eg=
-486,-134,XrjFT+AYk4tAjj4LApsxpsuSQiI=,7JNRTrM8MUi6vQyxC+3kT5D6/eg=
-487,-134,XrjFT+AYk4tAjj4LApsxpsuSQiI=,7JNRTrM8MUi6vQyxC+3kT5D6/eg=
-493,-134,XrjFT+AYk4tAjj4LApsxpsuSQiI=,7JNRTrM8MUi6vQyxC+3kT5D6/eg=
-492,-134,XrjFT+AYk4tAjj4LApsxpsuSQiI=,7JNRTrM8MUi6vQyxC+3kT5D6/eg=
-488,-134,XrjFT+AYk4tAjj4LApsxpsuSQiI=,7JNRTrM8MUi6vQyxC+3kT5D6/eg=
-491,-134,XrjFT+AYk4tAjj4LApsxpsuSQiI=,7JNRTrM8MUi6vQyxC+3kT5D6/eg=
-490,-141,XrjFT+AYk4tAjj4LApsxpsuSQiI=,7JNRTrM8MUi6vQyxC+3kT5D6/eg=
-496,-134,XrjFT+AYk4tAjj4LApsxpsuSQiI=,7JNRTrM8MUi6vQyxC+3kT5D6/eg=
-494,-134,XrjFT+AYk4tAjj4LApsxpsuSQiI=,7JNRTrM8MUi6vQyxC+3kT5D6/eg=
-481,-135,XrjFT+AYk4tAjj4LApsxpsuSQiI=,7JNRTrM8MUi6vQyxC+3kT5D6/eg=
-495,-134,XrjFT+AYk4tAjj4LApsxpsuSQiI=,7JNRTrM8MUi6vQyxC+3kT5D6/eg=
-482,-135,XrjFT+AYk4tAjj4LApsxpsuSQiI=,7JNRTrM8MUi6vQyxC+3kT5D6/eg=
-483,-135,XrjFT+AYk4tAjj4LApsxpsuSQiI=,7JNRTrM8MUi6vQyxC+3kT5D6/eg=
-484,-135,XrjFT+AYk4tAjj4LApsxpsuSQiI=,7JNRTrM8MUi6vQyxC+3kT5D6/eg=
-485,-135,XrjFT+AYk4tAjj4LApsxpsuSQiI=,7JNRTrM8MUi6vQyxC+3kT5D6/eg=
-489,-141,XrjFT+AYk4tAjj4LApsxpsuSQiI=,7JNRTrM8MUi6vQyxC+3kT5D6/eg=
-487,-135,XrjFT+AYk4tAjj4LApsxpsuSQiI=,7JNRTrM8MUi6vQyxC+3kT5D6/eg=
-491,-135,XrjFT+AYk4tAjj4LApsxpsuSQiI=,7JNRTrM8MUi6vQyxC+3kT5D6/eg=
-489,-135,XrjFT+AYk4tAjj4LApsxpsuSQiI=,7JNRTrM8MUi6vQyxC+3kT5D6/eg=
-488,-135,XrjFT+AYk4tAjj4LApsxpsuSQiI=,7JNRTrM8MUi6vQyxC+3kT5D6/eg=
-486,-135,XrjFT+AYk4tAjj4LApsxpsuSQiI=,7JNRTrM8MUi6vQyxC+3kT5D6/eg=
-490,-135,XrjFT+AYk4tAjj4LApsxpsuSQiI=,7JNRTrM8MUi6vQyxC+3kT5D6/eg=
-492,-135,XrjFT+AYk4tAjj4LApsxpsuSQiI=,7JNRTrM8MUi6vQyxC+3kT5D6/eg=
-488,-141,XrjFT+AYk4tAjj4LApsxpsuSQiI=,7JNRTrM8MUi6vQyxC+3kT5D6/eg=
-493,-135,XrjFT+AYk4tAjj4LApsxpsuSQiI=,7JNRTrM8MUi6vQyxC+3kT5D6/eg=
-494,-135,XrjFT+AYk4tAjj4LApsxpsuSQiI=,7JNRTrM8MUi6vQyxC+3kT5D6/eg=
-495,-135,XrjFT+AYk4tAjj4LApsxpsuSQiI=,7JNRTrM8MUi6vQyxC+3kT5D6/eg=
-482,-136,XrjFT+AYk4tAjj4LApsxpsuSQiI=,7JNRTrM8MUi6vQyxC+3kT5D6/eg=
-496,-135,XrjFT+AYk4tAjj4LApsxpsuSQiI=,7JNRTrM8MUi6vQyxC+3kT5D6/eg=
-481,-136,XrjFT+AYk4tAjj4LApsxpsuSQiI=,7JNRTrM8MUi6vQyxC+3kT5D6/eg=
-483,-136,XrjFT+AYk4tAjj4LApsxpsuSQiI=,7JNRTrM8MUi6vQyxC+3kT5D6/eg=
-487,-141,XrjFT+AYk4tAjj4LApsxpsuSQiI=,7JNRTrM8MUi6vQyxC+3kT5D6/eg=
-484,-136,XrjFT+AYk4tAjj4LApsxpsuSQiI=,7JNRTrM8MUi6vQyxC+3kT5D6/eg=
-488,-136,XrjFT+AYk4tAjj4LApsxpsuSQiI=,7JNRTrM8MUi6vQyxC+3kT5D6/eg=
-486,-136,XrjFT+AYk4tAjj4LApsxpsuSQiI=,7JNRTrM8MUi6vQyxC+3kT5D6/eg=
-485,-136,XrjFT+AYk4tAjj4LApsxpsuSQiI=,7JNRTrM8MUi6vQyxC+3kT5D6/eg=
-487,-136,XrjFT+AYk4tAjj4LApsxpsuSQiI=,7JNRTrM8MUi6vQyxC+3kT5D6/eg=
-490,-136,XrjFT+AYk4tAjj4LApsxpsuSQiI=,7JNRTrM8MUi6vQyxC+3kT5D6/eg=
-489,-136,XrjFT+AYk4tAjj4LApsxpsuSQiI=,7JNRTrM8MUi6vQyxC+3kT5D6/eg=
-491,-136,XrjFT+AYk4tAjj4LApsxpsuSQiI=,7JNRTrM8MUi6vQyxC+3kT5D6/eg=
-492,-136,XrjFT+AYk4tAjj4LApsxpsuSQiI=,7JNRTrM8MUi6vQyxC+3kT5D6/eg=
-493,-136,XrjFT+AYk4tAjj4LApsxpsuSQiI=,7JNRTrM8MUi6vQyxC+3kT5D6/eg=
-494,-136,XrjFT+AYk4tAjj4LApsxpsuSQiI=,7JNRTrM8MUi6vQyxC+3kT5D6/eg=
-495,-136,XrjFT+AYk4tAjj4LApsxpsuSQiI=,7JNRTrM8MUi6vQyxC+3kT5D6/eg=
-496,-136,XrjFT+AYk4tAjj4LApsxpsuSQiI=,7JNRTrM8MUi6vQyxC+3kT5D6/eg=
-486,-141,XrjFT+AYk4tAjj4LApsxpsuSQiI=,7JNRTrM8MUi6vQyxC+3kT5D6/eg=
-481,-137,XrjFT+AYk4tAjj4LApsxpsuSQiI=,7JNRTrM8MUi6vQyxC+3kT5D6/eg=
-482,-137,XrjFT+AYk4tAjj4LApsxpsuSQiI=,7JNRTrM8MUi6vQyxC+3kT5D6/eg=
-483,-137,XrjFT+AYk4tAjj4LApsxpsuSQiI=,7JNRTrM8MUi6vQyxC+3kT5D6/eg=
-486,-137,XrjFT+AYk4tAjj4LApsxpsuSQiI=,7JNRTrM8MUi6vQyxC+3kT5D6/eg=
-485,-137,XrjFT+AYk4tAjj4LApsxpsuSQiI=,7JNRTrM8MUi6vQyxC+3kT5D6/eg=
-484,-137,XrjFT+AYk4tAjj4LApsxpsuSQiI=,7JNRTrM8MUi6vQyxC+3kT5D6/eg=
-487,-137,XrjFT+AYk4tAjj4LApsxpsuSQiI=,7JNRTrM8MUi6vQyxC+3kT5D6/eg=
-485,-141,XrjFT+AYk4tAjj4LApsxpsuSQiI=,7JNRTrM8MUi6vQyxC+3kT5D6/eg=
-491,-137,XrjFT+AYk4tAjj4LApsxpsuSQiI=,7JNRTrM8MUi6vQyxC+3kT5D6/eg=
-489,-137,XrjFT+AYk4tAjj4LApsxpsuSQiI=,7JNRTrM8MUi6vQyxC+3kT5D6/eg=
-488,-137,XrjFT+AYk4tAjj4LApsxpsuSQiI=,7JNRTrM8MUi6vQyxC+3kT5D6/eg=
-493,-137,XrjFT+AYk4tAjj4LApsxpsuSQiI=,7JNRTrM8MUi6vQyxC+3kT5D6/eg=
-492,-137,XrjFT+AYk4tAjj4LApsxpsuSQiI=,7JNRTrM8MUi6vQyxC+3kT5D6/eg=
-490,-137,XrjFT+AYk4tAjj4LApsxpsuSQiI=,7JNRTrM8MUi6vQyxC+3kT5D6/eg=
-484,-141,XrjFT+AYk4tAjj4LApsxpsuSQiI=,7JNRTrM8MUi6vQyxC+3kT5D6/eg=
-494,-137,XrjFT+AYk4tAjj4LApsxpsuSQiI=,7JNRTrM8MUi6vQyxC+3kT5D6/eg=
-495,-137,XrjFT+AYk4tAjj4LApsxpsuSQiI=,7JNRTrM8MUi6vQyxC+3kT5D6/eg=
-483,-138,XrjFT+AYk4tAjj4LApsxpsuSQiI=,7JNRTrM8MUi6vQyxC+3kT5D6/eg=
-496,-137,XrjFT+AYk4tAjj4LApsxpsuSQiI=,7JNRTrM8MUi6vQyxC+3kT5D6/eg=
-486,-138,XrjFT+AYk4tAjj4LApsxpsuSQiI=,7JNRTrM8MUi6vQyxC+3kT5D6/eg=
-484,-138,XrjFT+AYk4tAjj4LApsxpsuSQiI=,7JNRTrM8MUi6vQyxC+3kT5D6/eg=
-485,-138,XrjFT+AYk4tAjj4LApsxpsuSQiI=,7JNRTrM8MUi6vQyxC+3kT5D6/eg=
-482,-138,XrjFT+AYk4tAjj4LApsxpsuSQiI=,7JNRTrM8MUi6vQyxC+3kT5D6/eg=
-488,-138,XrjFT+AYk4tAjj4LApsxpsuSQiI=,7JNRTrM8MUi6vQyxC+3kT5D6/eg=
-481,-138,XrjFT+AYk4tAjj4LApsxpsuSQiI=,7JNRTrM8MUi6vQyxC+3kT5D6/eg=
-489,-138,XrjFT+AYk4tAjj4LApsxpsuSQiI=,7JNRTrM8MUi6vQyxC+3kT5D6/eg=
-490,-138,XrjFT+AYk4tAjj4LApsxpsuSQiI=,7JNRTrM8MUi6vQyxC+3kT5D6/eg=
-491,-138,XrjFT+AYk4tAjj4LApsxpsuSQiI=,7JNRTrM8MUi6vQyxC+3kT5D6/eg=
-487,-138,XrjFT+AYk4tAjj4LApsxpsuSQiI=,7JNRTrM8MUi6vQyxC+3kT5D6/eg=
-483,-141,XrjFT+AYk4tAjj4LApsxpsuSQiI=,7JNRTrM8MUi6vQyxC+3kT5D6/eg=
-494,-138,XrjFT+AYk4tAjj4LApsxpsuSQiI=,7JNRTrM8MUi6vQyxC+3kT5D6/eg=
-492,-138,XrjFT+AYk4tAjj4LApsxpsuSQiI=,7JNRTrM8MUi6vQyxC+3kT5D6/eg=
-495,-138,XrjFT+AYk4tAjj4LApsxpsuSQiI=,7JNRTrM8MUi6vQyxC+3kT5D6/eg=
-493,-138,XrjFT+AYk4tAjj4LApsxpsuSQiI=,7JNRTrM8MUi6vQyxC+3kT5D6/eg=
-483,-139,XrjFT+AYk4tAjj4LApsxpsuSQiI=,7JNRTrM8MUi6vQyxC+3kT5D6/eg=
-481,-139,XrjFT+AYk4tAjj4LApsxpsuSQiI=,7JNRTrM8MUi6vQyxC+3kT5D6/eg=
-482,-139,XrjFT+AYk4tAjj4LApsxpsuSQiI=,7JNRTrM8MUi6vQyxC+3kT5D6/eg=
-484,-139,XrjFT+AYk4tAjj4LApsxpsuSQiI=,7JNRTrM8MUi6vQyxC+3kT5D6/eg=
-482,-141,XrjFT+AYk4tAjj4LApsxpsuSQiI=,7JNRTrM8MUi6vQyxC+3kT5D6/eg=
-485,-139,XrjFT+AYk4tAjj4LApsxpsuSQiI=,7JNRTrM8MUi6vQyxC+3kT5D6/eg=
-496,-138,XrjFT+AYk4tAjj4LApsxpsuSQiI=,7JNRTrM8MUi6vQyxC+3kT5D6/eg=
-486,-139,XrjFT+AYk4tAjj4LApsxpsuSQiI=,7JNRTrM8MUi6vQyxC+3kT5D6/eg=
-487,-139,XrjFT+AYk4tAjj4LApsxpsuSQiI=,7JNRTrM8MUi6vQyxC+3kT5D6/eg=
-488,-139,XrjFT+AYk4tAjj4LApsxpsuSQiI=,7JNRTrM8MUi6vQyxC+3kT5D6/eg=
-490,-139,XrjFT+AYk4tAjj4LApsxpsuSQiI=,7JNRTrM8MUi6vQyxC+3kT5D6/eg=
-481,-141,XrjFT+AYk4tAjj4LApsxpsuSQiI=,7JNRTrM8MUi6vQyxC+3kT5D6/eg=
-489,-139,XrjFT+AYk4tAjj4LApsxpsuSQiI=,7JNRTrM8MUi6vQyxC+3kT5D6/eg=
-493,-139,XrjFT+AYk4tAjj4LApsxpsuSQiI=,7JNRTrM8MUi6vQyxC+3kT5D6/eg=
-492,-139,XrjFT+AYk4tAjj4LApsxpsuSQiI=,7JNRTrM8MUi6vQyxC+3kT5D6/eg=
-491,-139,XrjFT+AYk4tAjj4LApsxpsuSQiI=,7JNRTrM8MUi6vQyxC+3kT5D6/eg=
-494,-139,XrjFT+AYk4tAjj4LApsxpsuSQiI=,7JNRTrM8MUi6vQyxC+3kT5D6/eg=
-495,-139,XrjFT+AYk4tAjj4LApsxpsuSQiI=,7JNRTrM8MUi6vQyxC+3kT5D6/eg=
-482,-140,XrjFT+AYk4tAjj4LApsxpsuSQiI=,7JNRTrM8MUi6vQyxC+3kT5D6/eg=
-496,-140,XrjFT+AYk4tAjj4LApsxpsuSQiI=,7JNRTrM8MUi6vQyxC+3kT5D6/eg=
-496,-139,XrjFT+AYk4tAjj4LApsxpsuSQiI=,7JNRTrM8MUi6vQyxC+3kT5D6/eg=
-483,-140,XrjFT+AYk4tAjj4LApsxpsuSQiI=,7JNRTrM8MUi6vQyxC+3kT5D6/eg=
-481,-140,XrjFT+AYk4tAjj4LApsxpsuSQiI=,7JNRTrM8MUi6vQyxC+3kT5D6/eg=
-486,-140,XrjFT+AYk4tAjj4LApsxpsuSQiI=,7JNRTrM8MUi6vQyxC+3kT5D6/eg=
-485,-140,XrjFT+AYk4tAjj4LApsxpsuSQiI=,7JNRTrM8MUi6vQyxC+3kT5D6/eg=
-488,-140,XrjFT+AYk4tAjj4LApsxpsuSQiI=,7JNRTrM8MUi6vQyxC+3kT5D6/eg=
-487,-140,XrjFT+AYk4tAjj4LApsxpsuSQiI=,7JNRTrM8MUi6vQyxC+3kT5D6/eg=
-484,-140,XrjFT+AYk4tAjj4LApsxpsuSQiI=,7JNRTrM8MUi6vQyxC+3kT5D6/eg=
-490,-140,XrjFT+AYk4tAjj4LApsxpsuSQiI=,7JNRTrM8MUi6vQyxC+3kT5D6/eg=
-495,-140,XrjFT+AYk4tAjj4LApsxpsuSQiI=,7JNRTrM8MUi6vQyxC+3kT5D6/eg=
-489,-140,XrjFT+AYk4tAjj4LApsxpsuSQiI=,7JNRTrM8MUi6vQyxC+3kT5D6/eg=
-493,-140,XrjFT+AYk4tAjj4LApsxpsuSQiI=,7JNRTrM8MUi6vQyxC+3kT5D6/eg=
-491,-140,XrjFT+AYk4tAjj4LApsxpsuSQiI=,7JNRTrM8MUi6vQyxC+3kT5D6/eg=
-494,-140,XrjFT+AYk4tAjj4LApsxpsuSQiI=,7JNRTrM8MUi6vQyxC+3kT5D6/eg=
-492,-140,XrjFT+AYk4tAjj4LApsxpsuSQiI=,7JNRTrM8MUi6vQyxC+3kT5D6/eg=
